0	未使用	150	300	25	1	3	2	6	100	4	23	66	1	3	4	91	0	1	3
1	未使用	200	300	25	10	2	2	6	100	4	23	70	1	3
2	未使用	250	300	25	10	2	2	6	100	4	23	70	1	3
3	未使用	300	300	25	10	3	2	6	100	4	23	67	1	3	4	91	20	1	3
4	未使用	350	300	25	10	2	2	6	100	4	23	70	1	3
5	未使用	400	300	25	10	2	2	6	100	4	23	70	1	3
6	未使用	450	300	25	10	3	2	6	100	4	23	68	1	3	4	91	40	1	3
7	未使用	500	300	25	10	2	2	6	100	4	23	70	1	3
8	未使用	550	300	25	10	2	2	6	100	4	23	70	1	3
9	未使用	600	300	25	11	3	2	6	100	4	23	69	1	3	4	91	60	1	3
10	未使用	650	300	25	11	2	2	6	100	4	23	66	1	3
11	未使用	700	300	25	11	2	2	6	100	4	23	70	1	3
12	未使用	750	300	25	11	3	2	6	100	4	23	70	1	3	4	91	80	1	3
13	未使用	800	300	25	11	2	2	6	100	4	23	67	1	3
14	未使用	850	300	25	11	2	2	6	100	4	23	70	1	3
15	未使用	900	300	25	11	3	2	6	100	4	23	70	1	3	4	91	100	1	3
16	未使用	950	300	25	11	2	2	6	100	4	23	68	1	3
17	未使用	1000	300	25	11	2	2	6	100	4	23	70	1	3
18	未使用	1050	300	25	11	3	2	6	100	4	23	70	1	3	4	91	1	1	3
19	未使用	1100	300	25	12	2	2	6	100	4	23	69	1	3
20	未使用	1150	300	25	12	2	2	6	100	4	23	66	1	3
21	未使用	1200	300	25	12	3	2	6	100	4	23	70	1	3	4	91	21	1	3
22	未使用	1250	300	25	12	2	2	6	100	4	23	70	1	3
23	未使用	1300	300	25	12	2	2	6	100	4	23	67	1	3
24	未使用	1350	300	25	12	3	2	6	100	4	23	70	1	3	4	91	41	1	3
25	未使用	1400	300	25	12	2	2	6	100	4	23	70	1	3
26	未使用	1450	300	25	12	2	2	6	100	4	23	68	1	3
27	未使用	1500	300	25	12	3	2	6	100	4	23	70	1	3	4	91	61	1	3
28	未使用	1550	300	25	12	2	2	6	100	4	23	70	1	3
29	未使用	1600	300	25	13	2	2	6	100	4	23	69	1	3
30	未使用	1650	300	25	13	3	2	6	100	4	23	66	1	3	4	91	81	1	3
31	未使用	1700	300	25	13	2	2	6	100	4	23	70	1	3
32	未使用	1750	300	25	13	2	2	6	100	4	23	70	1	3
33	未使用	1800	300	25	13	3	2	6	100	4	23	67	1	3	4	91	123	1	3
34	未使用	1850	300	25	13	2	2	6	100	4	23	70	1	3
35	未使用	1900	300	25	13	2	2	6	100	4	23	70	1	3
36	未使用	1950	300	25	13	3	2	6	100	4	23	68	1	3	4	91	2	1	3
37	未使用	2000	300	25	13	2	2	6	100	4	23	70	1	3
38	未使用	2050	300	25	13	2	2	6	100	4	23	70	1	3
39	未使用	2100	300	25	14	3	2	6	100	4	23	69	1	3	4	91	22	1	3
40	未使用	2150	300	25	14	2	2	6	100	4	23	66	1	3
41	未使用	2200	300	25	14	2	2	6	100	4	23	70	1	3
42	未使用	2250	300	25	14	3	2	6	100	4	23	70	1	3	4	91	42	1	3
43	未使用	2300	300	25	14	2	2	6	100	4	23	67	1	3
44	未使用	2350	300	25	14	2	2	6	100	4	23	70	1	3
45	未使用	2400	300	25	14	3	2	6	100	4	23	70	1	3	4	91	62	1	3
46	未使用	2450	300	25	14	2	2	6	100	4	23	68	1	3
47	未使用	2500	300	25	14	2	2	6	100	4	23	70	1	3
48	未使用	2550	300	25	14	3	2	6	100	4	23	70	1	3	4	91	82	1	3
49	未使用	2600	300	25	15	2	2	6	100	4	23	69	1	3
50	未使用	2650	300	25	15	2	2	6	100	4	23	66	1	3
51	未使用	2700	300	25	15	3	2	6	100	4	23	70	1	3	4	91	129	1	3
52	未使用	2750	300	25	15	2	2	6	100	4	23	70	1	3
53	未使用	2800	300	25	15	2	2	6	100	4	23	67	1	3
54	未使用	2850	300	25	15	3	2	6	100	4	23	70	1	3	4	91	3	1	3
55	未使用	2900	300	25	15	2	2	6	100	4	23	70	1	3
56	未使用	2950	300	25	15	2	2	6	100	4	23	68	1	3
57	未使用	3000	300	25	15	3	2	6	100	4	23	70	1	3	4	91	23	1	3
58	未使用	3050	300	25	15	2	2	6	100	4	23	70	1	3
59	未使用	3100	300	25	16	2	2	6	100	4	23	69	1	3
60	未使用	3150	300	25	16	3	2	6	100	4	23	66	1	3	4	91	43	1	3
61	未使用	3200	300	25	16	2	2	6	100	4	23	70	1	3
62	未使用	3250	300	25	16	2	2	6	100	4	23	70	1	3
63	未使用	3300	300	25	16	3	2	6	100	4	23	67	1	3	4	91	63	1	3
64	未使用	3350	300	25	16	2	2	6	100	4	23	70	1	3
65	未使用	3400	300	25	16	2	2	6	100	4	23	70	1	3
66	未使用	3450	300	25	16	3	2	6	100	4	23	68	1	3	4	91	83	1	3
67	未使用	3500	300	25	16	2	2	6	100	4	23	70	1	3
68	未使用	3550	300	25	16	2	2	6	100	4	23	70	1	3
69	未使用	3600	300	25	17	3	2	6	100	4	23	69	1	3	4	91	135	1	3
70	未使用	3650	300	25	17	2	2	6	100	4	23	66	1	3
71	未使用	3700	300	25	17	2	2	6	100	4	23	70	1	3
72	未使用	3750	300	25	17	3	2	6	100	4	23	70	1	3	4	91	4	1	3
73	未使用	3800	300	25	17	2	2	6	100	4	23	67	1	3
74	未使用	3850	300	25	17	2	2	6	100	4	23	70	1	3
75	未使用	3900	300	25	17	3	2	6	100	4	23	70	1	3	4	91	24	1	3
76	未使用	3950	300	25	17	2	2	6	100	4	23	68	1	3
77	未使用	4000	300	25	17	2	2	6	100	4	23	70	1	3
78	未使用	4050	300	25	17	3	2	6	100	4	23	70	1	3	4	91	44	1	3
79	未使用	4100	300	25	18	2	2	6	100	4	23	69	1	3
80	未使用	4150	300	25	18	2	2	6	100	4	23	66	1	3
81	未使用	4200	300	25	18	3	2	6	100	4	23	70	1	3	4	91	64	1	3
82	未使用	4250	300	25	18	2	2	6	100	4	23	70	1	3
83	未使用	4300	300	25	18	2	2	6	100	4	23	67	1	3
84	未使用	4350	300	25	18	3	2	6	100	4	23	70	1	3	4	91	84	1	3
85	未使用	4400	300	25	18	2	2	6	100	4	23	70	1	3
86	未使用	4450	300	25	18	2	2	6	100	4	23	68	1	3
87	未使用	4500	300	25	18	3	2	6	100	4	23	70	1	3	4	91	141	1	3
88	未使用	4550	300	25	18	2	2	6	100	4	23	70	1	3
89	未使用	4600	300	25	19	3	2	6	100	4	23	69	1	3	4	91	146	1	3
90	未使用	4650	300	25	20	2	2	6	100	4	23	66	1	3
91	未使用	4700	300	25	21	3	2	6	100	4	23	70	1	3	4	91	5	1	3
92	未使用	4750	300	25	22	2	2	6	100	4	23	70	1	3
93	未使用	4800	300	25	23	3	2	6	100	4	23	67	1	3	4	91	25	1	3
94	未使用	4850	300	25	24	2	2	6	100	4	23	70	1	3
95	未使用	4900	300	25	25	3	2	6	100	4	23	70	1	3	4	91	45	1	3
96	未使用	4950	300	25	26	2	2	6	100	4	23	68	1	3
97	未使用	5000	300	25	27	3	2	6	100	4	23	70	1	3	4	91	65	1	3
98	未使用	5050	300	25	28	2	2	6	100	4	23	70	1	3
99	未使用	5100	300	25	29	3	2	6	100	4	23	69	1	3	4	91	85	1	3
100	未使用	99999	300	0	1	2	2	6	500	4	23	70