0	素手	0	0	0	-1	0	25	-2	4	-1	-1	-1	100	-1	13	2	0	0	2	0	0	2	0	0	2	0	0	2	0	0	2	0	0	2	0	0	2	0	0	2	0	0	2	0	0	2	0	0	2	0	0	2	0	0	1	-1	0	2	1	0	-1	1	0	0	0	257
1	装備なし	1	11	0	-1	0	25	-2	4	-1	-1	-1	100	-1	13	2	0	0	2	0	0	2	0	0	2	0	0	2	0	0	2	0	0	2	0	0	2	0	0	2	0	0	2	0	0	2	0	0	2	0	0	2	0	0	1	-1	0	2	1	0	-1	1	0	0	0	289
2	装備なし	1	12	0	-1	0	25	-2	4	-1	-1	-1	100	-1	13	2	0	0	2	0	0	2	0	0	2	0	0	2	0	0	2	0	0	2	0	0	2	0	0	2	0	0	2	0	0	2	0	0	2	0	0	2	0	0	1	-1	0	2	1	0	-1	1	0	0	0	289
3	装備なし	1	13	0	-1	0	25	-2	4	-1	-1	-1	100	-1	13	2	0	0	2	0	0	2	0	0	2	0	0	2	0	0	2	0	0	2	0	0	2	0	0	2	0	0	2	0	0	2	0	0	2	0	0	2	0	0	1	-1	0	2	1	0	-1	1	0	0	0	289
4	装備なし	2	14	0	-1	0	25	-2	4	-1	-1	-1	100	-1	13	2	0	0	2	0	0	2	0	0	2	0	0	2	0	0	2	0	0	2	0	0	2	0	0	2	0	0	2	0	0	2	0	0	2	0	0	2	0	0	1	-1	0	2	1	0	-1	1	0	0	0	289
5	金づち	0	10	0	-1	2	25	0	4	5	15	-1	100	-1	13	2	0	0	2	0	0	2	0	0	2	0	0	2	0	0	2	0	0	2	0	0	2	0	0	2	0	0	2	0	0	2	0	0	2	0	0	2	0	0	1	-1	0	2	1	1	-1	1	0	0	0	2
6	つるはし	0	10	0	-1	4	25	1	4	6	15	-1	100	-1	13	2	0	0	2	0	0	2	0	0	2	0	0	2	0	0	2	0	0	2	0	0	2	0	0	2	0	0	2	0	0	2	0	0	2	0	0	2	0	0	1	-1	0	2	1	1	-1	1	0	0	0	0
7	草刈り鎌	0	10	0	-1	4	25	2	4	7	15	-1	100	-1	13	2	0	0	2	0	0	2	0	0	2	0	0	2	0	0	2	0	0	2	0	0	2	0	0	2	0	0	2	0	0	2	0	0	2	0	0	2	0	0	1	-1	0	2	1	1	-1	1	0	0	0	0
8	くわ	0	10	0	-1	0	25	3	4	8	15	-1	100	-1	13	2	0	0	2	0	0	2	0	0	2	0	0	2	0	0	2	0	0	2	0	0	2	0	0	2	0	0	2	0	0	2	0	0	2	0	0	2	0	0	1	-1	0	2	1	1	-1	1	0	0	0	4
9	松明	0	10	0	-1	0	25	4	12	9	15	-1	100	-1	13	2	0	0	2	0	0	2	0	0	2	0	0	2	0	0	2	0	0	2	0	0	2	0	0	2	0	0	2	0	0	2	0	0	2	0	0	2	0	0	1	-1	0	2	1	1	-1	1	0	0	0	8
10	スコップ	0	10	0	-1	0	25	5	16	0	16	-1	100	-1	13	2	0	0	2	0	0	2	0	0	2	0	0	2	0	0	2	0	0	2	0	0	2	0	0	2	0	0	2	0	0	2	0	0	2	0	0	2	0	0	1	-1	0	2	1	1	-1	1	0	0	0	0
11	網	0	10	0	-1	0	25	6	4	1	16	-1	100	-1	13	2	0	0	2	0	0	2	0	0	2	0	0	2	0	0	2	0	0	2	0	0	2	0	0	2	0	0	2	0	0	2	0	0	2	0	0	2	0	0	1	-1	0	2	1	1	-1	1	0	0	0	4096
12	魚の網	0	10	0	-1	0	25	8	4	2	16	-1	100	-1	13	2	0	0	2	0	0	2	0	0	2	0	0	2	0	0	2	0	0	2	0	0	2	0	0	2	0	0	2	0	0	2	0	0	2	0	0	2	0	0	1	-1	0	2	1	1	-1	1	0	0	0	128
13	釣り竿	0	10	0	-1	0	25	7	4	3	16	-1	100	-1	13	2	0	0	2	0	0	2	0	0	2	0	0	2	0	0	2	0	0	2	0	0	2	0	0	2	0	0	2	0	0	2	0	0	2	0	0	2	0	0	1	-1	0	2	1	1	-1	1	0	0	0	64
14	斧	0	10	0	-1	0	25	9	4	4	16	-1	100	-1	13	2	0	0	2	0	0	2	0	0	2	0	0	2	0	0	2	0	0	2	0	0	2	0	0	2	0	0	2	0	0	2	0	0	2	0	0	2	0	0	1	-1	0	2	1	1	-1	1	0	0	0	0
15	じょうろ	0	10	0	-1	0	25	10	12	5	16	-1	100	-1	13	2	0	0	2	0	0	2	0	0	2	0	0	2	0	0	2	0	0	2	0	0	2	0	0	2	0	0	2	0	0	2	0	0	2	0	0	2	0	0	1	-1	0	2	1	1	-1	1	0	0	0	0
16	地ならし	0	10	0	-1	0	25	11	37	6	16	-1	100	-1	13	2	0	0	2	0	0	2	0	0	2	0	0	2	0	0	2	0	0	2	0	0	2	0	0	2	0	0	2	0	0	2	0	0	2	0	0	2	0	0	1	-1	0	2	1	1	-1	1	0	0	0	2048
17	F/木の杖	0	2	0	1	0	25	200	4	0	0	176	151	2	13	2	0	0	2	3	1	2	0	0	2	3	1	2	0	0	2	0	0	2	0	0	2	0	0	2	4	1	2	3	1	2	0	0	2	0	0	2	0	0	1	15	0	2	1	3	20	1	1	2	4	16
18	E/鉱石の杖	0	2	0	1	1	25	201	4	1	0	176	141	2	13	2	0	0	2	7	2	2	1	2	2	3	2	2	0	0	2	0	0	2	0	0	2	0	0	2	9	2	2	0	0	2	0	0	2	0	0	2	0	0	1	15	0	2	1	20	18	2	5	23	12	16
19	D/固い杖	0	2	0	1	2	25	202	4	2	0	176	124	2	13	2	0	0	2	10	2	2	0	0	2	3	2	2	0	0	2	0	0	2	2	2	2	0	0	2	13	2	2	0	0	2	0	0	2	0	0	2	0	0	1	15	0	2	2	80	14	3	8	48	18	16
20	C/魔力の杖	0	2	0	1	3	25	203	4	3	0	176	155	2	13	2	3	2	2	14	2	2	0	0	2	3	2	2	0	0	2	0	0	2	0	0	2	0	0	2	18	2	2	0	0	2	0	0	2	0	0	2	0	0	1	15	0	2	2	190	8	4	12	92	26	16
21	B/金剛石の杖	0	2	0	1	4	25	204	4	4	0	176	155	2	13	2	0	0	2	21	3	2	0	0	2	3	3	2	0	0	2	0	0	2	0	0	2	0	0	2	27	3	2	21	3	2	0	0	2	0	0	2	0	0	1	15	0	2	3	370	2	5	19	266	40	16
22	F/鉄の杖	0	2	0	1	0	25	280	4	0	8	176	136	4	13	2	0	0	2	6	2	2	0	0	2	3	2	2	0	0	2	0	0	2	1	2	2	0	0	2	7	2	2	0	0	2	0	0	2	0	0	2	0	0	1	15	0	2	1	3	20	1	2	8	6	16
23	E/ｳｯﾄﾞﾜﾝﾄﾞ	0	2	0	1	1	25	281	4	1	8	176	110	4	13	2	0	0	2	12	2	2	0	0	2	3	2	2	0	0	2	0	0	2	0	0	2	0	0	2	15	2	2	12	2	2	0	0	2	0	0	2	0	0	1	15	0	2	1	20	18	2	6	50	14	16
24	C/とがった杖	0	2	0	1	3	25	282	4	2	8	176	159	4	13	2	0	0	2	18	3	2	4	3	2	3	3	2	0	0	2	0	0	2	0	0	2	0	0	2	22	3	2	0	0	2	0	0	2	0	0	2	0	0	1	15	0	2	2	190	8	4	11	108	24	16
25	B/輝きの杖	0	2	0	1	4	25	283	4	3	8	176	134	4	13	2	0	0	2	30	3	2	0	0	2	4	3	2	0	0	2	0	0	2	7	3	2	0	0	2	37	3	2	0	0	2	0	0	2	0	0	2	0	0	1	15	0	2	3	490	2	5	23	345	48	16
26	A/光の杖	0	2	0	1	5	25	284	4	4	8	176	117	4	13	2	10	4	2	42	4	2	0	0	2	5	4	2	0	0	2	0	0	2	0	0	2	0	0	2	52	4	2	0	0	2	0	0	2	0	0	2	0	0	1	15	0	2	4	640	-1	6	0	0	0	0
27	E/青い杖	0	2	0	1	1	25	325	4	5	12	176	104	6	13	2	0	0	2	6	2	2	0	0	2	3	2	2	0	0	2	0	0	2	0	0	2	0	0	2	7	2	2	6	2	2	0	0	2	0	0	2	0	0	1	15	0	2	1	20	18	2	3	15	8	16
28	D/なげきの杖	0	2	0	1	2	25	326	4	6	12	176	102	6	13	2	0	0	2	12	2	2	0	0	2	3	2	2	0	0	2	0	0	2	3	2	2	0	0	2	15	2	2	0	0	2	0	0	2	0	0	2	0	0	1	15	0	2	2	80	14	3	7	47	16	16
29	C/稲妻の杖	0	2	0	1	3	25	327	4	7	12	176	107	6	13	2	0	0	2	18	3	2	0	0	2	3	3	2	0	0	2	0	0	2	0	0	2	0	0	2	22	3	2	18	3	2	0	0	2	0	0	2	0	0	1	15	0	2	2	190	8	4	11	133	24	16
30	B/雷撃の杖	0	2	0	1	4	25	328	4	8	12	176	117	6	13	2	0	0	2	30	3	2	7	3	2	4	3	2	0	0	2	0	0	2	0	0	2	0	0	2	37	3	2	0	0	2	0	0	2	0	0	2	0	0	1	15	0	2	3	470	2	5	22	330	46	16
31	A/氷の杖	0	2	0	1	5	25	329	4	9	12	176	151	6	13	2	0	0	2	42	4	2	0	0	2	5	4	2	0	0	2	0	0	2	10	4	2	0	0	2	52	4	2	0	0	2	0	0	2	0	0	2	0	0	1	15	0	2	4	640	-1	6	0	0	0	0
32	E/赤い杖	0	2	0	1	1	25	340	4	0	14	176	96	5	13	2	1	2	2	6	2	2	0	0	2	3	2	2	0	0	2	0	0	2	0	0	2	0	0	2	7	2	2	0	0	2	0	0	2	0	0	2	0	0	1	15	0	2	1	20	18	2	3	12	8	16
33	D/王の杖	0	2	0	1	2	25	341	4	1	14	176	113	5	13	2	0	0	2	12	2	2	0	0	2	3	2	2	0	0	2	0	0	2	0	0	2	0	0	2	15	2	2	12	2	2	0	0	2	0	0	2	0	0	1	15	0	2	2	80	14	3	7	58	16	16
34	C/先王の杖	0	2	0	1	3	25	342	4	2	14	176	126	5	13	2	0	0	2	24	3	2	0	0	2	3	3	2	0	0	2	0	0	2	6	3	2	0	0	2	30	3	2	0	0	2	0	0	2	0	0	2	0	0	1	15	0	2	2	190	8	4	13	162	28	16
35	A/伝説の杖	0	2	0	1	5	25	343	4	3	14	176	108	5	13	2	10	4	2	42	4	2	0	0	2	5	4	2	0	0	2	0	0	2	0	0	2	0	0	2	52	4	2	0	0	2	0	0	2	0	0	2	0	0	1	15	0	2	4	640	-1	6	0	0	0	0
36	S/幻の杖	0	2	0	1	6	25	344	4	4	14	176	160	5	13	2	0	0	2	66	6	2	16	6	2	6	6	2	0	0	2	0	0	2	0	0	2	0	0	2	82	6	2	0	0	2	0	0	2	0	0	2	0	0	1	15	0	2	4	1020	-1	7	0	0	0	0
37	F/木の棒	0	6	0	2	0	25	205	4	5	0	176	138	2	13	2	2	1	2	0	0	2	0	0	2	4	1	2	0	0	2	0	0	2	0	0	2	0	0	2	0	0	2	0	0	2	0	0	2	0	0	2	0	0	1	15	0	2	1	3	20	1	1	1	4	304
38	E/固い棒	0	6	0	2	1	25	206	4	6	0	176	126	2	13	2	4	1	2	0	0	2	0	0	2	6	1	2	1	1	2	0	0	2	0	0	2	0	0	2	0	0	2	0	0	2	0	0	2	0	0	2	0	0	1	15	0	2	1	20	18	2	4	9	10	16
39	D/樫の棒	0	6	0	2	2	25	207	4	7	0	176	103	2	13	2	7	2	2	0	0	2	1	2	2	8	2	2	0	0	2	0	0	2	0	0	2	0	0	2	0	0	2	0	0	2	0	0	2	0	0	2	0	0	1	15	0	2	2	80	14	3	8	29	18	16
40	C/古木の棒	0	6	0	2	3	25	208	4	8	0	176	95	2	13	2	9	2	2	0	0	2	0	0	2	10	2	2	0	0	2	2	2	2	0	0	2	0	0	2	0	0	2	0	0	2	0	0	2	0	0	2	0	0	1	15	0	2	2	190	8	4	12	54	26	16
41	B/勇者の棒	0	6	0	2	4	25	209	4	9	0	176	116	2	13	2	14	3	2	0	0	2	0	0	2	13	3	2	0	0	2	0	0	2	3	3	2	0	0	2	0	0	2	0	0	2	0	0	2	0	0	2	0	0	1	15	0	2	3	570	2	5	28	182	58	16
42	E/曲り棒	0	6	0	2	1	25	225	4	5	2	176	149	7	13	2	3	1	2	0	0	2	0	0	2	5	1	2	0	0	2	0	0	2	0	0	2	0	0	2	0	0	2	0	0	2	0	0	2	0	0	2	0	0	1	15	5	2	1	20	18	2	2	3	6	16
43	D/しゃもじ	0	6	0	2	2	25	226	4	6	2	176	97	7	13	2	7	2	2	0	0	2	0	0	2	8	2	2	0	0	2	1	2	2	0	0	2	0	0	2	0	0	2	0	0	2	0	0	2	0	0	2	0	0	1	15	5	2	2	80	14	3	6	22	14	16
44	C/棒	0	6	0	2	3	25	227	4	7	2	176	132	7	13	2	10	2	2	2	2	2	0	0	2	11	2	2	0	0	2	0	0	2	0	0	2	0	0	2	0	0	2	0	0	2	0	0	2	0	0	2	0	0	1	15	5	2	2	190	8	4	9	43	20	16
45	B/鉄の棒	0	6	0	2	4	25	228	4	8	2	176	115	7	13	2	18	3	2	0	0	2	0	0	2	16	3	2	4	3	2	0	0	2	0	0	2	0	0	2	0	0	2	0	0	2	0	0	2	0	0	2	0	0	1	15	5	2	3	450	2	5	20	156	42	16
46	A/赤い棒	0	6	0	2	5	25	229	4	9	2	176	157	7	13	2	25	3	2	0	0	2	6	3	2	21	3	2	0	0	2	0	0	2	0	0	2	0	0	2	0	0	2	0	0	2	0	0	2	0	0	2	0	0	1	15	5	2	4	640	-1	6	0	0	0	0
47	D/メイス	0	6	0	2	2	25	240	4	0	4	176	101	4	13	2	7	2	2	0	0	2	0	0	2	8	2	2	0	0	2	1	2	2	0	0	2	0	0	2	0	0	2	0	0	2	0	0	2	0	0	2	0	0	1	15	0	2	2	80	14	3	6	22	14	16
48	C/クラブ	0	6	0	2	3	25	241	4	1	4	176	129	4	13	2	10	2	2	0	0	2	0	0	2	11	2	2	0	0	2	0	0	2	2	2	2	0	0	2	0	0	2	0	0	2	0	0	2	0	0	2	0	0	1	15	0	2	2	190	8	4	9	43	20	16
49	B/ﾓｰﾆﾝｸﾞｽﾀｰ	0	6	0	2	4	25	242	4	2	4	176	120	4	13	2	18	3	2	0	0	2	0	0	2	16	3	2	4	3	2	0	0	2	0	0	2	0	0	2	0	0	2	0	0	2	0	0	2	0	0	2	0	0	1	15	0	2	3	370	2	5	16	125	34	16
50	A/鋼鉄棒	0	6	0	2	5	25	243	4	3	4	176	159	4	13	2	25	3	2	0	0	2	0	0	2	21	3	2	0	0	2	6	3	2	0	0	2	0	0	2	0	0	2	0	0	2	0	0	2	0	0	2	0	0	1	15	0	2	4	640	-1	6	0	0	0	0
51	S/黄金棒	0	6	0	2	6	25	244	4	4	4	176	120	4	13	2	43	5	2	10	5	2	0	0	2	35	5	2	0	0	2	0	0	2	0	0	2	0	0	2	0	0	2	0	0	2	0	0	2	0	0	2	0	0	1	15	0	2	4	1020	-1	7	0	0	0	0
52	F/祈りの棒	0	6	0	2	0	25	255	4	5	5	176	117	3	13	2	3	1	2	0	0	2	0	0	2	5	1	2	0	0	2	0	0	2	0	0	2	0	0	2	0	0	2	0	0	2	0	0	2	0	0	2	0	0	1	15	0	2	1	3	20	1	1	1	4	16
53	D/神聖な棒	0	6	0	2	2	25	256	4	6	5	176	136	3	13	2	7	2	2	0	0	2	1	2	2	8	2	2	0	0	2	0	0	2	0	0	2	0	0	2	0	0	2	0	0	2	0	0	2	0	0	2	0	0	1	15	0	2	2	80	14	3	6	22	14	16
54	C/光の棒	0	6	0	2	3	25	257	4	7	5	176	144	3	13	2	10	2	2	0	0	2	0	0	2	11	2	2	0	0	2	2	2	2	0	0	2	0	0	2	0	0	2	0	0	2	0	0	2	0	0	2	0	0	1	15	0	2	2	190	8	4	9	43	20	16
55	A/天使の棒	0	6	0	2	5	25	258	4	8	5	176	159	3	13	2	25	3	2	0	0	2	0	0	2	21	3	2	0	0	2	0	0	2	6	3	2	0	0	2	0	0	2	0	0	2	0	0	2	0	0	2	0	0	1	15	0	2	4	640	-1	6	0	0	0	0
56	S/神々の棒	0	6	0	2	6	25	259	4	9	5	176	90	3	13	2	46	6	2	0	0	2	0	0	2	38	6	2	11	6	2	0	0	2	0	0	2	0	0	2	0	0	2	0	0	2	0	0	2	0	0	2	0	0	1	15	0	2	4	1020	-1	7	0	0	0	0
57	F/こん棒	0	6	0	2	0	25	265	4	5	6	176	91	5	13	2	6	2	2	0	0	2	0	0	2	7	2	2	0	0	2	1	2	2	0	0	2	0	0	2	0	0	2	0	0	2	0	0	2	0	0	2	0	0	1	15	0	2	1	3	20	1	2	6	6	16
58	E/ごつい棒	0	6	0	2	1	25	266	4	6	6	176	112	5	13	2	12	2	2	3	2	2	0	0	2	12	2	2	0	0	2	0	0	2	0	0	2	0	0	2	0	0	2	0	0	2	0	0	2	0	0	2	0	0	1	15	0	2	1	20	18	2	6	33	14	16
59	D/スパイク	0	6	0	2	2	25	267	4	7	6	176	143	5	13	2	18	3	2	0	0	2	0	0	2	16	3	2	4	3	2	0	0	2	0	0	2	0	0	2	0	0	2	0	0	2	0	0	2	0	0	2	0	0	1	15	0	2	2	80	14	3	10	78	22	16
60	C/芸術棒	0	6	0	2	3	25	268	4	8	6	176	135	5	13	2	30	3	2	0	0	2	7	3	2	25	3	2	0	0	2	0	0	2	0	0	2	0	0	2	0	0	2	0	0	2	0	0	2	0	0	2	0	0	1	15	0	2	2	190	8	4	16	189	34	16
61	A/ｴﾒﾗﾙﾄﾞ棒	0	6	0	2	5	25	269	4	9	6	176	110	5	13	2	42	4	2	0	0	2	0	0	2	34	4	2	0	0	2	10	4	2	0	0	2	0	0	2	0	0	2	0	0	2	0	0	2	0	0	2	0	0	1	15	0	2	4	640	-1	6	0	0	0	0
62	F/木の枝	0	6	0	2	0	25	350	4	0	15	176	99	1	13	2	6	2	2	0	0	2	0	0	2	7	2	2	0	0	2	0	0	2	1	2	2	0	0	2	0	0	2	0	0	2	0	0	2	0	0	2	0	0	1	15	10	2	1	3	20	1	2	6	6	16
63	E/ささる枝	0	6	0	2	1	25	351	4	1	15	176	110	1	13	2	12	2	2	0	0	2	0	0	2	12	2	2	3	2	2	0	0	2	0	0	2	0	0	2	0	0	2	0	0	2	0	0	2	0	0	2	0	0	1	15	10	2	1	20	18	2	6	33	14	16
64	D/とがった棒	0	6	0	2	2	25	352	4	2	15	176	111	1	13	2	18	3	2	0	0	2	0	0	2	16	3	2	0	0	2	4	3	2	0	0	2	0	0	2	0	0	2	0	0	2	0	0	2	0	0	2	0	0	1	15	10	2	2	80	14	3	10	78	22	16
65	C/民芸の棒	0	6	0	2	3	25	353	4	3	15	176	147	1	13	2	24	3	2	0	0	2	0	0	2	21	3	2	0	0	2	6	3	2	0	0	2	0	0	2	0	0	2	0	0	2	0	0	2	0	0	2	0	0	1	15	10	2	2	190	8	4	13	130	28	16
66	B/枝の剣	0	6	0	2	4	25	354	4	4	15	176	107	1	13	2	36	4	2	0	0	2	0	0	2	30	4	2	0	0	2	0	0	2	9	4	2	0	0	2	0	0	2	0	0	2	0	0	2	0	0	2	0	0	1	15	10	2	3	530	2	5	28	406	58	16
67	F/木の槍	0	4	0	3	0	25	210	9	0	1	176	150	7	13	2	1	2	2	0	0	2	0	0	2	7	2	2	3	2	2	0	0	2	0	0	2	0	0	2	0	0	2	0	0	2	0	0	2	0	0	2	0	0	2	15	0	2	1	3	20	1	2	5	6	16
68	E/鉄の槍	0	4	0	3	1	25	211	9	1	1	176	92	7	13	2	0	0	2	2	2	2	0	0	2	12	2	2	7	2	2	0	0	2	0	0	2	0	0	2	0	0	2	0	0	2	0	0	2	0	0	2	0	0	2	15	0	2	1	20	18	2	5	22	12	16
69	D/名匠の槍	0	4	0	3	2	25	212	9	2	1	176	135	7	13	2	0	0	2	0	0	2	3	2	2	17	2	2	10	2	2	0	0	2	0	0	2	0	0	2	0	0	2	0	0	2	0	0	2	0	0	2	0	0	3	15	0	2	2	80	14	3	9	54	20	16
70	B/ﾄﾗｲﾃﾞﾝﾄ	0	4	0	3	4	25	213	9	3	1	176	120	7	13	2	0	0	2	0	0	2	0	0	2	22	2	2	14	2	2	4	2	2	0	0	2	0	0	2	0	0	2	0	0	2	0	0	2	0	0	2	0	0	3	15	0	2	3	670	2	5	29	222	60	16
71	A/伝説の槍	0	4	0	3	5	25	214	9	4	1	176	103	7	13	2	0	0	2	0	0	2	0	0	2	51	4	2	36	4	2	0	0	2	12	4	2	0	0	2	0	0	2	0	0	2	0	0	2	0	0	2	0	0	3	15	0	2	4	640	-1	6	0	0	0	0
72	E/漁師の銛	0	4	0	3	1	25	270	9	0	7	176	124	5	13	2	0	0	2	0	0	2	0	0	2	9	2	2	4	2	2	0	0	2	1	2	2	0	0	2	0	0	2	0	0	2	0	0	2	0	0	2	0	0	2	15	0	2	1	20	18	2	3	10	8	16
73	C/鉄の銛	0	4	0	3	3	25	271	9	1	7	176	107	5	13	2	3	2	2	0	0	2	0	0	2	15	2	2	9	2	2	0	0	2	0	0	2	0	0	2	0	0	2	0	0	2	0	0	2	0	0	2	0	0	3	15	0	2	2	190	8	4	8	44	18	16
74	B/赤い槍	0	4	0	3	4	25	272	9	2	7	176	160	5	13	2	0	0	2	6	3	2	0	0	2	27	3	2	18	3	2	0	0	2	0	0	2	0	0	2	0	0	2	0	0	2	0	0	2	0	0	2	0	0	3	15	0	2	3	590	2	5	25	250	52	16
75	A/鋼鉄の槍	0	4	0	3	5	25	273	9	3	7	176	124	5	13	2	0	0	2	0	0	2	9	3	2	39	3	2	27	3	2	0	0	2	0	0	2	0	0	2	0	0	2	0	0	2	0	0	2	0	0	2	0	0	3	15	0	2	4	640	-1	6	0	0	0	0
76	S/炎の槍	0	4	0	3	6	25	274	9	4	7	176	137	5	13	2	0	0	2	0	0	2	0	0	2	57	4	2	40	4	2	13	4	2	0	0	2	0	0	2	0	0	2	0	0	2	0	0	2	0	0	2	0	0	4	15	0	2	4	1020	-1	7	0	0	0	0
77	E/銅の槍	0	4	0	4	1	25	335	9	5	13	176	100	4	13	2	0	0	2	0	0	2	0	0	2	9	2	2	4	2	2	0	0	2	1	2	2	0	0	2	0	0	2	0	0	2	0	0	2	0	0	2	0	0	2	15	0	2	1	20	18	2	3	10	8	16
78	C/騎士の槍	0	4	0	4	3	25	336	9	6	13	176	102	4	13	2	0	0	2	0	0	2	3	2	2	15	2	2	9	2	2	0	0	2	0	0	2	0	0	2	0	0	2	0	0	2	0	0	2	0	0	2	0	0	3	15	0	2	2	190	8	4	8	44	18	16
79	B/名将の槍	0	4	0	4	4	25	337	9	7	13	176	130	4	13	2	0	0	2	0	0	2	0	0	2	27	3	2	18	3	2	0	0	2	6	3	2	0	0	2	0	0	2	0	0	2	0	0	2	0	0	2	0	0	3	15	0	2	3	710	2	5	31	310	64	16
80	A/金の槍	0	4	0	4	5	25	338	9	8	13	176	149	4	13	2	0	0	2	0	0	2	0	0	2	39	3	2	27	3	2	0	0	2	0	0	2	0	0	2	0	0	2	0	0	2	0	0	2	0	0	2	0	0	2	15	0	2	4	640	-1	6	0	0	0	0
81	S/黒い槍	0	4	0	4	6	25	339	9	9	13	176	93	4	13	2	0	0	2	0	0	2	0	0	2	51	4	2	36	4	2	0	0	2	12	4	2	0	0	2	0	0	2	0	0	2	0	0	2	0	0	2	0	0	4	15	0	2	4	1020	-1	7	0	0	0	0
82	F/小槌	0	5	0	5	0	25	215	4	5	1	176	131	2	13	2	3	2	2	0	0	2	0	0	2	7	2	2	1	2	2	0	0	2	0	0	2	0	0	2	0	0	2	0	0	2	0	0	2	0	0	2	0	0	1	15	0	2	1	3	20	1	2	5	6	16
83	E/大槌	0	5	0	5	1	25	216	4	6	1	176	138	2	13	2	7	2	2	0	0	2	0	0	2	12	2	2	0	0	2	0	0	2	2	2	2	0	0	2	0	0	2	0	0	2	0	0	2	0	0	2	0	0	1	15	0	2	1	20	18	2	5	22	12	16
84	C/かなづち	0	5	0	5	3	25	217	4	7	1	176	103	2	13	2	10	2	2	0	0	2	3	2	2	17	2	2	0	0	2	0	0	2	0	0	2	0	0	2	0	0	2	0	0	2	0	0	2	0	0	2	0	0	1	15	0	2	2	190	8	4	10	60	22	16
85	B/ﾋﾞｯｸﾞﾊﾝﾏｰ	0	5	0	5	4	25	218	4	8	1	176	121	2	13	2	18	3	2	6	3	2	0	0	2	27	3	2	0	0	2	0	0	2	0	0	2	0	0	2	0	0	2	0	0	2	0	0	2	0	0	2	0	0	1	15	0	2	3	750	2	5	35	350	72	16
86	S/炎の槌	0	5	0	5	6	25	219	4	9	1	176	98	2	13	2	32	4	2	0	0	2	10	4	2	46	4	2	0	0	2	0	0	2	0	0	2	0	0	2	0	0	2	0	0	2	0	0	2	0	0	2	0	0	1	15	0	2	4	1020	-1	7	0	0	0	0
87	E/ﾊﾝﾏｰ	0	5	0	5	1	25	245	4	5	4	176	115	4	13	2	3	2	2	0	0	2	0	0	2	7	2	2	0	0	2	0	0	2	1	2	2	0	0	2	0	0	2	0	0	2	0	0	2	0	0	2	0	0	1	15	0	2	1	20	18	2	3	8	8	16
88	D/ﾛﾝｸﾞﾊﾝﾏｰ	0	5	0	5	2	25	246	4	6	4	176	149	4	13	2	7	2	2	0	0	2	0	0	2	12	2	2	2	2	2	0	0	2	0	0	2	0	0	2	0	0	2	0	0	2	0	0	2	0	0	2	0	0	1	15	0	2	2	80	14	3	6	27	14	16
89	B/白銀の槌	0	5	0	5	4	25	247	4	7	4	176	148	4	13	2	18	3	2	0	0	2	0	0	2	27	3	2	0	0	2	0	0	2	6	3	2	0	0	2	0	0	2	0	0	2	0	0	2	0	0	2	0	0	1	15	0	2	3	650	2	5	30	300	62	16
90	A/名工の槌	0	5	0	5	5	25	248	4	8	4	176	122	4	13	2	25	3	2	0	0	2	8	3	2	36	3	2	0	0	2	0	0	2	0	0	2	0	0	2	0	0	2	0	0	2	0	0	2	0	0	2	0	0	1	15	0	2	4	640	-1	6	0	0	0	0
91	S/金の槌	0	5	0	5	6	25	249	4	9	4	176	142	4	13	2	36	4	2	12	4	2	0	0	2	51	4	2	0	0	2	0	0	2	0	0	2	0	0	2	0	0	2	0	0	2	0	0	2	0	0	2	0	0	1	15	0	2	4	1020	-1	7	0	0	0	0
92	E/剣	0	1	0	6	1	25	220	4	0	2	176	96	6	13	2	0	0	2	0	0	2	1	2	2	9	2	2	0	0	2	4	2	2	0	0	2	0	0	2	0	0	2	0	0	2	0	0	2	0	0	2	0	0	1	15	0	2	1	20	18	2	3	10	8	16
93	D/鋼の剣	0	1	0	6	2	25	221	4	1	2	176	109	6	13	2	0	0	2	0	0	2	0	0	2	15	2	2	3	2	2	9	2	2	0	0	2	0	0	2	0	0	2	0	0	2	0	0	2	0	0	2	0	0	1	15	0	2	2	80	14	3	7	38	16	16
94	C/名工の剣	0	1	0	6	3	25	222	4	2	2	176	123	6	13	2	4	2	2	0	0	2	0	0	2	21	2	2	0	0	2	13	2	2	0	0	2	0	0	2	0	0	2	0	0	2	0	0	2	0	0	2	0	0	1	15	0	2	2	190	8	4	11	80	24	16
95	B/名将の剣	0	1	0	6	4	25	223	4	3	2	176	126	6	13	2	0	0	2	7	3	2	0	0	2	33	3	2	0	0	2	22	3	2	0	0	2	0	0	2	0	0	2	0	0	2	0	0	2	0	0	2	0	0	1	15	0	2	3	550	2	5	26	307	54	16
96	A/豪傑の剣	0	1	0	6	5	25	224	4	4	2	176	122	6	13	2	0	0	2	0	0	2	0	0	2	45	4	2	0	0	2	31	4	2	10	4	2	0	0	2	0	0	2	0	0	2	0	0	2	0	0	2	0	0	1	15	0	2	4	640	-1	6	0	0	0	0
97	F/果物ﾅｲﾌ	0	1	0	6	0	25	235	4	5	3	176	116	3	13	2	1	2	2	0	0	2	0	0	2	9	2	2	0	0	2	4	2	2	0	0	2	0	0	2	0	0	2	0	0	2	0	0	2	0	0	2	0	0	1	15	0	2	1	3	20	1	2	6	6	16
98	E/包丁	0	1	0	6	1	25	236	4	6	3	176	151	3	13	2	0	0	2	0	0	2	3	2	2	15	2	2	0	0	2	9	2	2	0	0	2	0	0	2	0	0	2	0	0	2	0	0	2	0	0	2	0	0	1	15	0	2	1	20	18	2	6	33	14	16
99	D/白銀の包丁	0	1	0	6	2	25	237	4	7	3	176	106	3	13	2	0	0	2	0	0	2	0	0	2	21	2	2	4	2	2	13	2	2	0	0	2	0	0	2	0	0	2	0	0	2	0	0	2	0	0	2	0	0	1	15	0	2	2	80	14	3	10	73	22	16
100	B/名工の包丁	0	1	0	6	4	25	238	4	8	3	176	128	3	13	2	0	0	2	0	0	2	7	3	2	33	3	2	0	0	2	22	3	2	0	0	2	0	0	2	0	0	2	0	0	2	0	0	2	0	0	2	0	0	1	15	0	2	3	530	2	5	25	295	52	16
101	A/金の包丁	0	1	0	6	5	25	239	4	9	3	176	131	3	13	2	0	0	2	0	0	2	0	0	2	45	4	2	10	4	2	31	4	2	0	0	2	0	0	2	0	0	2	0	0	2	0	0	2	0	0	2	0	0	1	15	0	2	4	640	-1	6	0	0	0	0
102	F/小刀	0	1	0	6	0	25	250	4	0	5	176	102	6	13	2	1	2	2	0	0	2	0	0	2	10	2	2	0	0	2	5	2	2	0	0	2	0	0	2	0	0	2	0	0	2	0	0	2	0	0	2	0	0	1	15	0	2	1	3	20	1	3	11	8	16
103	E/執刀メス	0	1	0	6	1	25	251	4	1	5	176	160	6	13	2	0	0	2	3	3	2	0	0	2	17	3	2	0	0	2	10	3	2	0	0	2	0	0	2	0	0	2	0	0	2	0	0	2	0	0	2	0	0	1	15	0	2	1	20	18	2	6	39	14	16
104	C/白銀メス	0	1	0	6	3	25	252	4	2	5	176	149	6	13	2	0	0	2	0	0	2	0	0	2	31	3	2	0	0	2	21	3	2	7	3	2	0	0	2	0	0	2	0	0	2	0	0	2	0	0	2	0	0	1	15	0	2	2	190	8	4	14	158	30	16
105	B/稲妻のﾒｽ	0	1	0	6	4	25	253	4	3	5	176	150	6	13	2	9	3	2	0	0	2	0	0	2	39	3	2	0	0	2	27	3	2	0	0	2	0	0	2	0	0	2	0	0	2	0	0	2	0	0	2	0	0	1	15	0	2	3	490	2	5	23	322	48	16
106	A/氷の小刀	0	1	0	6	5	25	254	4	4	5	176	101	6	13	2	0	0	2	0	0	2	12	4	2	53	4	2	0	0	2	37	4	2	0	0	2	0	0	2	0	0	2	0	0	2	0	0	2	0	0	2	0	0	1	15	0	2	4	640	-1	6	0	0	0	0
107	E/海賊の剣	0	1	0	6	1	25	260	4	0	6	176	98	1	13	2	0	0	2	0	0	2	0	0	2	11	3	2	2	3	2	6	3	2	0	0	2	0	0	2	0	0	2	0	0	2	0	0	2	0	0	2	0	0	1	15	0	2	1	20	18	2	4	18	10	16
108	D/カトラス	0	1	0	6	2	25	261	4	1	6	176	103	1	13	2	0	0	2	0	0	2	4	3	2	19	3	2	0	0	2	12	3	2	0	0	2	0	0	2	0	0	2	0	0	2	0	0	2	0	0	2	0	0	1	15	0	2	2	80	14	3	8	58	18	16
109	C/疾風の剣	0	1	0	6	3	25	262	4	2	6	176	107	1	13	2	0	0	2	0	0	2	0	0	2	28	3	2	6	3	2	18	3	2	0	0	2	0	0	2	0	0	2	0	0	2	0	0	2	0	0	2	0	0	1	15	0	2	2	190	8	4	12	122	26	16
110	A/滴の剣	0	1	0	6	5	25	263	4	3	6	176	155	1	13	2	14	4	2	0	0	2	0	0	2	61	4	2	0	0	2	44	4	2	0	0	2	0	0	2	0	0	2	0	0	2	0	0	2	0	0	2	0	0	1	15	0	2	4	640	-1	6	0	0	0	0
111	S/火の剣	0	1	0	6	6	25	264	4	4	6	176	145	1	13	2	0	0	2	21	5	2	0	0	2	87	5	2	0	0	2	63	5	2	0	0	2	0	0	2	0	0	2	0	0	2	0	0	2	0	0	2	0	0	1	15	0	2	4	1020	-1	7	0	0	0	0
112	E/兵士の剣	0	1	0	6	1	25	275	4	5	7	176	116	7	13	2	0	0	2	0	0	2	0	0	2	9	2	2	0	0	2	4	2	2	1	2	2	0	0	2	0	0	2	0	0	2	0	0	2	0	0	2	0	0	1	15	0	2	1	20	18	2	3	10	8	16
113	D/ソード	0	1	0	6	2	25	276	4	6	7	176	149	7	13	2	3	2	2	0	0	2	0	0	2	15	2	2	0	0	2	9	2	2	0	0	2	0	0	2	0	0	2	0	0	2	0	0	2	0	0	2	0	0	1	15	0	2	2	80	14	3	7	38	16	16
114	C/銀の剣	0	1	0	6	3	25	277	4	7	7	176	124	7	13	2	0	0	2	0	0	2	4	2	2	21	2	2	0	0	2	13	2	2	0	0	2	0	0	2	0	0	2	0	0	2	0	0	2	0	0	2	0	0	1	15	0	2	2	190	8	4	11	80	24	16
115	B/破壊の剣	0	1	0	6	4	25	278	4	8	7	176	133	7	13	2	0	0	2	0	0	2	0	0	2	33	3	2	7	3	2	22	3	2	0	0	2	0	0	2	0	0	2	0	0	2	0	0	2	0	0	2	0	0	1	15	0	2	3	570	2	5	27	319	56	16
116	A/古の剣	0	1	0	6	5	25	279	4	9	7	176	136	7	13	2	0	0	2	0	0	2	10	4	2	45	4	2	0	0	2	31	4	2	0	0	2	0	0	2	0	0	2	0	0	2	0	0	2	0	0	2	0	0	1	15	0	2	4	640	-1	6	0	0	0	0
117	E/氷のﾅｲﾌ	0	1	0	6	1	25	285	4	5	8	176	105	6	13	2	0	0	2	0	0	2	0	0	2	9	2	2	1	2	2	4	2	2	0	0	2	0	0	2	0	0	2	0	0	2	0	0	2	0	0	2	0	0	1	15	0	2	1	20	18	2	3	10	8	16
118	D/氷の剣	0	1	0	6	2	25	286	4	6	8	176	152	6	13	2	3	2	2	0	0	2	0	0	2	15	2	2	0	0	2	9	2	2	0	0	2	0	0	2	0	0	2	0	0	2	0	0	2	0	0	2	0	0	1	15	0	2	2	80	14	3	7	38	16	16
119	C/氷の大剣	0	1	0	6	3	25	287	4	7	8	176	92	6	13	2	0	0	2	4	2	2	0	0	2	21	2	2	0	0	2	13	2	2	0	0	2	0	0	2	0	0	2	0	0	2	0	0	2	0	0	2	0	0	1	15	0	2	2	190	8	4	11	80	24	16
120	B/ﾌﾞﾘｻﾞｰﾄﾞｿｰﾄﾞ	0	1	0	6	4	25	288	4	8	8	176	138	6	13	2	0	0	2	0	0	2	0	0	2	33	3	2	0	0	2	22	3	2	7	3	2	0	0	2	0	0	2	0	0	2	0	0	2	0	0	2	0	0	1	15	0	2	3	690	2	5	33	390	68	16
121	S/吹雪の剣	0	1	0	6	6	25	289	4	9	8	176	134	6	13	2	15	5	2	0	0	2	0	0	2	63	5	2	0	0	2	45	5	2	0	0	2	0	0	2	0	0	2	0	0	2	0	0	2	0	0	2	0	0	1	15	0	2	4	1020	-1	7	0	0	0	0
122	E/クナイ	0	1	0	6	1	25	300	4	0	10	176	127	1	13	2	0	0	2	0	0	2	1	2	2	9	2	2	0	0	2	4	2	2	0	0	2	0	0	2	0	0	2	0	0	2	0	0	2	0	0	2	0	0	1	15	0	2	1	20	18	2	3	10	8	16
123	D/手裏剣	0	1	0	6	2	25	301	4	1	10	176	111	1	13	2	0	0	2	0	0	2	0	0	2	15	2	2	3	2	2	9	2	2	0	0	2	0	0	2	0	0	2	0	0	2	0	0	2	0	0	2	0	0	1	15	0	2	2	80	14	3	7	38	16	16
124	C/大手裏剣	0	1	0	6	3	25	302	4	2	10	176	147	1	13	2	4	2	2	0	0	2	0	0	2	21	2	2	0	0	2	13	2	2	0	0	2	0	0	2	0	0	2	0	0	2	0	0	2	0	0	2	0	0	1	15	0	2	2	190	8	4	11	80	24	16
125	B/火炎手裏剣	0	1	0	6	4	25	303	4	3	10	176	110	1	13	2	0	0	2	7	3	2	0	0	2	33	3	2	0	0	2	22	3	2	0	0	2	0	0	2	0	0	2	0	0	2	0	0	2	0	0	2	0	0	1	15	0	2	3	710	2	5	34	402	70	16
126	A/ｷﾞｶﾞ手裏剣	0	1	0	6	5	25	304	4	4	10	176	140	1	13	2	0	0	2	0	0	2	0	0	2	45	4	2	0	0	2	31	4	2	10	4	2	0	0	2	0	0	2	0	0	2	0	0	2	0	0	2	0	0	1	15	0	2	4	640	-1	6	0	0	0	0
127	F/刀	0	1	0	6	0	25	305	4	5	10	176	138	2	13	2	0	0	2	0	0	2	1	2	2	9	2	2	0	0	2	4	2	2	0	0	2	0	0	2	0	0	2	0	0	2	0	0	2	0	0	2	0	0	1	15	0	2	1	3	20	1	2	6	6	16
128	E/侍ｿｰﾄﾞ	0	1	0	6	1	25	306	4	6	10	176	97	2	13	2	0	0	2	0	0	2	0	0	2	15	2	2	3	2	2	9	2	2	0	0	2	0	0	2	0	0	2	0	0	2	0	0	2	0	0	2	0	0	1	15	0	2	1	20	18	2	6	33	14	16
129	C/武将の刀	0	1	0	6	3	25	307	4	7	10	176	137	2	13	2	4	2	2	0	0	2	0	0	2	21	2	2	0	0	2	13	2	2	0	0	2	0	0	2	0	0	2	0	0	2	0	0	2	0	0	2	0	0	1	15	0	2	2	190	8	4	11	80	24	16
130	B/名工の刀	0	1	0	6	4	25	308	4	8	10	176	116	2	13	2	0	0	2	7	3	2	0	0	2	33	3	2	0	0	2	22	3	2	0	0	2	0	0	2	0	0	2	0	0	2	0	0	2	0	0	2	0	0	1	15	0	2	3	770	2	5	37	437	76	16
131	A/伝説の刀	0	1	0	6	5	25	309	4	9	10	176	147	2	13	2	0	0	2	0	0	2	0	0	2	45	4	2	0	0	2	31	4	2	10	4	2	0	0	2	0	0	2	0	0	2	0	0	2	0	0	2	0	0	1	15	0	2	4	640	-1	6	0	0	0	0
132	F/銅の剣	0	1	0	6	0	25	315	4	5	11	176	106	4	13	2	1	2	2	0	0	2	0	0	2	9	2	2	0	0	2	4	2	2	0	0	2	0	0	2	0	0	2	0	0	2	0	0	2	0	0	2	0	0	1	15	0	2	1	3	20	1	2	6	6	16
133	E/青銅の剣	0	1	0	6	1	25	316	4	6	11	176	133	4	13	2	0	0	2	0	0	2	3	2	2	15	2	2	0	0	2	9	2	2	0	0	2	0	0	2	0	0	2	0	0	2	0	0	2	0	0	2	0	0	1	15	0	2	1	20	18	2	6	33	14	16
134	C/鋼鉄剣	0	1	0	6	3	25	317	4	7	11	176	112	4	13	2	0	0	2	0	0	2	0	0	2	21	2	2	4	2	2	13	2	2	0	0	2	0	0	2	0	0	2	0	0	2	0	0	2	0	0	2	0	0	1	15	0	2	2	190	8	4	11	80	24	16
135	B/軽量剣	0	1	0	6	4	25	318	4	8	11	176	100	4	13	2	0	0	2	0	0	2	7	3	2	33	3	2	0	0	2	22	3	2	0	0	2	0	0	2	0	0	2	0	0	2	0	0	2	0	0	2	0	0	1	15	0	2	3	730	2	5	35	414	72	16
136	A/誇りの剣	0	1	0	6	5	25	319	4	9	11	176	122	4	13	2	0	0	2	0	0	2	0	0	2	45	4	2	10	4	2	31	4	2	0	0	2	0	0	2	0	0	2	0	0	2	0	0	2	0	0	2	0	0	1	15	0	2	4	640	-1	6	0	0	0	0
137	E/長めの剣	0	1	0	6	1	25	320	4	0	12	176	149	1	13	2	1	2	2	0	0	2	0	0	2	9	2	2	0	0	2	4	2	2	0	0	2	0	0	2	0	0	2	0	0	2	0	0	2	0	0	2	0	0	1	15	0	2	1	20	18	2	3	10	8	16
138	D/ﾊﾞｽﾀｰﾄﾞｿｰﾄﾞ	0	1	0	6	2	25	321	4	1	12	176	124	1	13	2	0	0	2	3	2	2	0	0	2	15	2	2	0	0	2	9	2	2	0	0	2	0	0	2	0	0	2	0	0	2	0	0	2	0	0	2	0	0	1	15	0	2	2	80	14	3	7	38	16	16
139	C/聖者の剣	0	1	0	6	3	25	322	4	2	12	176	147	1	13	2	0	0	2	0	0	2	0	0	2	21	2	2	0	0	2	13	2	2	4	2	2	0	0	2	0	0	2	0	0	2	0	0	2	0	0	2	0	0	1	15	0	2	2	190	8	4	11	80	24	16
140	A/怒りの剣	0	1	0	6	5	25	323	4	3	12	176	158	1	13	2	10	4	2	0	0	2	0	0	2	45	4	2	0	0	2	31	4	2	0	0	2	0	0	2	0	0	2	0	0	2	0	0	2	0	0	2	0	0	1	15	0	2	4	640	-1	6	0	0	0	0
141	S/伝説の剣	0	1	0	6	6	25	324	4	4	12	176	129	1	13	2	0	0	2	0	0	2	15	5	2	63	5	2	0	0	2	45	5	2	0	0	2	0	0	2	0	0	2	0	0	2	0	0	2	0	0	2	0	0	1	15	0	2	4	1020	-1	7	0	0	0	0
142	D/ﾌﾞﾗｯｸｿｰﾄﾞ	0	1	0	6	2	25	330	4	0	13	176	160	3	13	2	0	0	2	0	0	2	0	0	2	15	2	2	3	2	2	9	2	2	0	0	2	0	0	2	0	0	2	0	0	2	0	0	2	0	0	2	0	0	1	15	0	2	2	80	14	3	7	38	16	16
143	C/暗黒剣	0	1	0	6	3	25	331	4	1	13	176	90	3	13	2	0	0	2	0	0	2	4	3	2	21	3	2	0	0	2	13	3	2	0	0	2	0	0	2	0	0	2	0	0	2	0	0	2	0	0	2	0	0	1	15	0	2	2	190	8	4	11	86	24	16
144	B/漆黒の剣	0	1	0	6	4	25	332	4	2	13	176	129	3	13	2	0	0	2	0	0	2	0	0	2	33	3	2	7	3	2	22	3	2	0	0	2	0	0	2	0	0	2	0	0	2	0	0	2	0	0	2	0	0	1	15	0	2	3	670	2	5	32	378	66	16
145	A/王の剣	0	1	0	6	5	25	333	4	3	13	176	155	3	13	2	10	4	2	0	0	2	0	0	2	45	4	2	0	0	2	31	4	2	0	0	2	0	0	2	0	0	2	0	0	2	0	0	2	0	0	2	0	0	1	15	0	2	4	640	-1	6	0	0	0	0
146	S/覇王の剣	0	1	0	6	6	25	334	4	4	13	176	129	3	13	2	0	0	2	15	5	2	0	0	2	63	5	2	0	0	2	45	5	2	0	0	2	0	0	2	0	0	2	0	0	2	0	0	2	0	0	2	0	0	1	15	0	2	4	1020	-1	7	0	0	0	0
147	D/ﾉｰﾏﾙｿｰﾄﾞ	0	1	0	6	2	25	345	4	5	14	176	125	5	13	2	0	0	2	0	0	2	0	0	2	15	2	2	0	0	2	9	2	2	3	2	2	0	0	2	0	0	2	0	0	2	0	0	2	0	0	2	0	0	1	15	0	2	2	80	14	3	7	38	16	16
148	C/勇気の剣	0	1	0	6	3	25	346	4	6	14	176	151	5	13	2	4	3	2	0	0	2	0	0	2	21	3	2	0	0	2	13	3	2	0	0	2	0	0	2	0	0	2	0	0	2	0	0	2	0	0	2	0	0	1	15	0	2	2	190	8	4	11	86	24	16
149	B/勇者の剣	0	1	0	6	4	25	347	4	7	14	176	150	5	13	2	0	0	2	0	0	2	7	3	2	33	3	2	0	0	2	22	3	2	0	0	2	0	0	2	0	0	2	0	0	2	0	0	2	0	0	2	0	0	1	15	0	2	3	630	2	5	30	355	62	16
150	A/不滅の剣	0	1	0	6	5	25	348	4	8	14	176	126	5	13	2	0	0	2	0	0	2	0	0	2	45	4	2	10	4	2	31	4	2	0	0	2	0	0	2	0	0	2	0	0	2	0	0	2	0	0	2	0	0	1	15	0	2	4	640	-1	6	0	0	0	0
151	S/世界樹の剣	0	1	0	6	6	25	349	4	9	14	176	135	5	13	2	15	5	2	0	0	2	0	0	2	63	5	2	0	0	2	45	5	2	0	0	2	0	0	2	0	0	2	0	0	2	0	0	2	0	0	2	0	0	1	15	0	2	4	1020	-1	7	0	0	0	0
152	F/小説本	0	9	0	7	0	25	230	4	0	3	176	121	1	13	2	0	0	2	14	3	2	10	3	2	3	3	2	0	0	2	0	0	2	3	3	2	0	0	2	0	0	2	0	0	2	0	0	2	0	0	2	0	0	1	15	250	2	1	3	20	1	7	49	16	16
153	D/研究書	0	9	0	7	2	25	231	4	1	3	176	129	1	13	2	0	0	2	19	3	2	14	3	2	7	3	2	0	0	2	0	0	2	0	0	2	0	0	2	0	0	2	0	0	2	0	0	2	0	0	2	0	0	1	15	250	2	2	80	14	3	12	98	26	16
154	E/虫眼鏡	0	9	0	7	1	25	232	4	2	3	176	136	1	13	2	0	0	2	9	2	2	7	2	2	3	2	2	0	0	2	0	0	2	2	2	2	0	0	2	0	0	2	0	0	2	0	0	2	0	0	2	0	0	1	15	250	2	1	20	18	2	5	24	12	16
155	C/古文書	0	9	0	7	3	25	233	4	3	3	176	130	1	13	2	0	0	2	19	3	2	14	3	2	3	3	2	0	0	2	4	3	2	0	0	2	0	0	2	0	0	2	0	0	2	0	0	2	0	0	2	0	0	1	15	250	2	2	190	8	4	13	112	28	16
156	B/絵筆	0	9	0	7	4	25	234	4	4	3	176	100	1	13	2	0	0	2	28	3	2	21	3	2	4	3	2	0	0	2	0	0	2	7	3	2	0	0	2	0	0	2	0	0	2	0	0	2	0	0	2	0	0	1	15	250	2	3	430	2	5	22	264	46	16
157	D/小銃	0	7	0	8	2	25	290	10	0	9	176	145	7	13	2	0	0	2	0	0	2	0	0	2	12	2	2	12	2	2	0	0	2	3	2	2	0	0	2	0	0	2	0	0	2	0	0	2	0	0	2	0	0	7	15	0	2	2	80	14	3	7	38	16	528
158	C/火縄銃	0	7	0	8	3	25	291	10	1	9	176	157	7	13	2	0	0	2	0	0	2	4	3	2	16	3	2	18	3	2	0	0	2	0	0	2	0	0	2	0	0	2	0	0	2	0	0	2	0	0	2	0	0	8	15	0	2	2	190	8	4	11	86	24	528
159	B/マスケット銃	0	7	0	8	4	25	292	10	2	9	176	125	7	13	2	7	3	2	0	0	2	0	0	2	25	3	2	30	3	2	0	0	2	0	0	2	0	0	2	0	0	2	0	0	2	0	0	2	0	0	2	0	0	9	15	0	2	3	370	2	5	17	201	36	528
160	A/強力銃	0	7	0	8	5	25	293	10	3	9	176	115	7	13	2	0	0	2	0	0	2	0	0	2	34	4	2	42	4	2	10	4	2	0	0	2	0	0	2	0	0	2	0	0	2	0	0	2	0	0	2	0	0	10	15	0	2	4	640	-1	6	0	0	0	512
161	S/金の銃	0	7	0	8	6	25	294	10	4	9	176	117	7	13	2	0	0	2	0	0	2	0	0	2	48	5	2	60	5	2	15	5	2	0	0	2	0	0	2	0	0	2	0	0	2	0	0	2	0	0	2	0	0	12	15	0	2	4	1020	-1	7	0	0	0	512
162	D/弓	0	8	0	9	2	25	295	11	5	9	176	144	2	13	2	3	2	2	0	0	2	0	0	2	12	2	2	0	0	2	12	2	2	0	0	2	0	0	2	0	0	2	0	0	2	0	0	2	0	0	2	0	0	6	15	0	2	2	80	14	3	7	38	16	528
163	C/足軽の弓	0	8	0	9	3	25	296	11	6	9	176	109	2	13	2	0	0	2	0	0	2	4	3	2	16	3	2	0	0	2	18	3	2	0	0	2	0	0	2	0	0	2	0	0	2	0	0	2	0	0	2	0	0	7	15	0	2	2	190	8	4	11	86	24	528
164	B/狩人の弓	0	8	0	9	4	25	297	11	7	9	176	129	2	13	2	0	0	2	0	0	2	7	3	2	25	3	2	0	0	2	30	3	2	0	0	2	0	0	2	0	0	2	0	0	2	0	0	2	0	0	2	0	0	8	15	0	2	3	510	2	5	24	284	50	528
165	A/高速の弓	0	8	0	9	5	25	298	11	8	9	176	97	2	13	2	10	4	2	0	0	2	0	0	2	34	4	2	0	0	2	42	4	2	0	0	2	0	0	2	0	0	2	0	0	2	0	0	2	0	0	2	0	0	9	15	0	2	4	640	-1	6	0	0	0	512
166	S/強者の弓	0	8	0	9	6	25	299	11	9	9	176	104	2	13	2	0	0	2	0	0	2	0	0	2	48	5	2	15	5	2	60	5	2	0	0	2	0	0	2	0	0	2	0	0	2	0	0	2	0	0	2	0	0	10	15	0	2	4	1020	-1	7	0	0	0	512
167	F/手斧	0	3	0	10	0	25	310	4	0	11	176	100	4	13	2	0	0	2	0	0	2	1	2	2	9	2	2	0	0	2	4	2	2	0	0	2	0	0	2	0	0	2	0	0	2	0	0	2	0	0	2	0	0	1	15	0	2	1	3	20	1	2	6	6	16
168	D/ｷｺﾘの斧	0	3	0	10	2	25	311	4	1	11	176	96	4	13	2	0	0	2	0	0	2	0	0	2	15	2	2	3	2	2	9	2	2	0	0	2	0	0	2	0	0	2	0	0	2	0	0	2	0	0	2	0	0	1	15	0	2	2	80	14	3	7	38	16	16
169	C/鋼鉄の斧	0	3	0	10	3	25	312	4	2	11	176	121	4	13	2	0	0	2	0	0	2	4	2	2	21	2	2	0	0	2	13	2	2	0	0	2	0	0	2	0	0	2	0	0	2	0	0	2	0	0	2	0	0	1	15	0	2	2	190	8	4	11	80	24	16
170	B/ﾊﾞﾄﾙｱｯｸｽ	0	3	0	10	4	25	313	4	3	11	176	159	4	13	2	0	0	2	0	0	2	0	0	2	33	3	2	0	0	2	22	3	2	7	3	2	0	0	2	0	0	2	0	0	2	0	0	2	0	0	2	0	0	1	15	0	2	3	490	2	5	23	272	48	16
171	S/伝説の斧	0	3	0	10	6	25	314	4	4	11	176	113	4	13	2	15	5	2	0	0	2	0	0	2	63	5	2	0	0	2	45	5	2	0	0	2	0	0	2	0	0	2	0	0	2	0	0	2	0	0	2	0	0	1	15	0	2	4	1020	-1	7	0	0	0	0
172	A/ｶｲﾛｿｰﾄﾞ	0	1	0	11	5	25	355	4	0	17	176	143	1	13	2	4	3	2	0	0	2	0	0	2	19	3	2	0	0	2	0	0	2	12	3	2	0	0	2	0	0	2	0	0	2	0	0	2	0	0	2	0	0	1	15	600	2	4	640	-1	6	0	0	0	0
173	A/ｶｲﾛﾊﾝﾏｰ	0	5	0	11	5	25	356	4	1	17	176	150	2	13	2	0	0	2	0	0	2	4	3	2	19	3	2	0	0	2	0	0	2	12	3	2	0	0	2	0	0	2	0	0	2	0	0	2	0	0	2	0	0	1	15	1200	2	4	640	-1	6	0	0	0	0
174	A/ｶｲﾛﾗﾝｻｰ	0	4	0	11	5	25	357	9	2	17	176	152	4	13	2	0	0	2	0	0	2	0	0	2	19	3	2	4	3	2	0	0	2	12	3	2	0	0	2	0	0	2	0	0	2	0	0	2	0	0	2	0	0	2	15	800	2	4	640	-1	6	0	0	0	0
175	A/ｶｲﾛの弓	0	8	0	11	5	25	358	11	3	17	176	129	5	13	2	0	0	2	0	0	2	0	0	2	19	3	2	0	0	2	0	0	2	12	3	2	0	0	2	0	0	2	0	0	2	0	0	2	0	0	2	0	0	1	15	600	2	4	640	-1	6	0	0	0	512
176	A/ｶｲﾛ銃	0	7	0	11	5	25	359	10	4	17	176	158	7	13	2	0	0	2	0	0	2	0	0	2	19	3	2	4	3	2	0	0	2	12	3	2	0	0	2	0	0	2	0	0	2	0	0	2	0	0	2	0	0	1	15	900	2	4	640	-1	6	0	0	0	512
177	F/木の盾	1	11	0	100	0	25	100	4	0	0	174	144	-1	13	2	3	1	2	0	0	2	0	0	2	0	0	2	6	1	2	0	0	2	0	0	2	0	0	2	0	0	2	0	0	2	0	0	2	0	0	2	0	0	1	15	0	2	1	3	20	1	1	2	4	16
178	F/皮の盾	1	11	0	100	0	25	101	4	1	0	174	132	-1	13	2	0	0	2	0	0	2	1	2	2	0	0	2	11	2	2	5	2	2	0	0	2	0	0	2	0	0	2	0	0	2	0	0	2	0	0	2	0	0	1	15	0	2	1	3	20	1	4	18	10	16
179	E/兵士の盾	1	11	0	100	1	25	102	4	2	0	174	134	-1	13	2	0	0	2	0	0	2	0	0	2	0	0	2	12	3	2	10	3	2	2	3	2	0	0	2	0	0	2	0	0	2	0	0	2	0	0	2	0	0	1	15	0	2	1	20	18	2	7	46	16	16
180	E/丸い盾	1	11	0	100	1	25	103	4	3	0	174	129	-1	13	2	0	0	2	10	3	2	2	3	2	0	0	2	12	3	2	0	0	2	0	0	2	0	0	2	0	0	2	0	0	2	0	0	2	0	0	2	0	0	1	15	0	2	1	20	18	2	7	46	16	16
181	D/鉄の盾	1	11	0	100	2	25	104	4	4	0	174	99	-1	13	2	10	3	2	0	0	2	3	3	2	0	0	2	18	3	2	0	0	2	0	0	2	0	0	2	0	0	2	0	0	2	0	0	2	0	0	2	0	0	1	15	0	2	2	80	14	3	11	88	24	16
182	C/高貴な盾	1	11	0	100	3	25	105	4	5	0	174	140	-1	13	2	18	4	2	0	0	2	0	0	2	0	0	2	17	4	2	0	0	2	4	4	2	0	0	2	0	0	2	0	0	2	0	0	2	0	0	2	0	0	1	15	0	2	2	190	8	4	15	153	32	16
183	A/勇者の盾	1	11	0	100	5	25	106	4	6	0	174	158	-1	13	2	0	0	2	0	0	2	6	5	2	0	0	2	29	5	2	18	5	2	0	0	2	0	0	2	0	0	2	0	0	2	0	0	2	0	0	2	0	0	1	15	0	2	4	640	-1	6	0	0	0	0
184	A/ｸﾘｽﾀﾙｼｰﾙﾄﾞ	1	11	0	100	5	25	107	4	7	0	174	151	-1	13	2	0	0	2	0	0	2	0	0	2	0	0	2	25	5	2	28	5	2	7	5	2	0	0	2	0	0	2	0	0	2	0	0	2	0	0	2	0	0	1	15	0	2	4	640	-1	6	0	0	0	0
185	B/甲羅の盾	1	11	0	100	4	25	108	4	8	0	174	146	-1	13	2	0	0	2	21	5	2	5	5	2	0	0	2	20	5	2	0	0	2	0	0	2	0	0	2	0	0	2	0	0	2	0	0	2	0	0	2	0	0	1	15	0	2	3	490	2	5	25	305	52	16
186	S/ﾜｲﾛｼｰﾙﾄﾞ	1	11	0	100	6	25	109	4	9	0	174	96	-1	13	2	32	8	2	0	0	2	10	8	2	0	0	2	47	8	2	0	0	2	0	0	2	0	0	2	0	0	2	0	0	2	0	0	2	0	0	2	0	0	1	15	0	2	4	1020	-1	7	0	0	0	0
187	B/科学の盾	1	11	0	100	4	25	110	4	10	0	174	157	-1	13	2	18	4	2	4	4	2	0	0	2	0	0	2	17	4	2	0	0	2	0	0	2	0	0	2	0	0	2	0	0	2	0	0	2	0	0	2	0	0	1	15	0	2	3	530	2	5	24	244	50	16
188	A/聖なる盾	1	11	0	100	5	25	111	4	11	0	174	97	-1	13	2	0	0	2	0	0	2	7	5	2	0	0	2	32	5	2	21	5	2	0	0	2	0	0	2	0	0	2	0	0	2	0	0	2	0	0	2	0	0	1	15	0	2	4	640	-1	6	0	0	0	0
189	D/民芸の盾	1	11	0	100	2	25	112	4	0	1	174	145	-1	13	2	0	0	2	0	0	2	0	0	2	0	0	2	14	3	2	14	3	2	3	3	2	0	0	2	0	0	2	0	0	2	0	0	2	0	0	2	0	0	1	15	0	2	2	80	14	3	11	88	24	16
190	D/固い盾	1	11	0	100	2	25	113	4	1	1	174	136	-1	13	2	0	0	2	14	3	2	3	3	2	0	0	2	14	3	2	0	0	2	0	0	2	0	0	2	0	0	2	0	0	2	0	0	2	0	0	2	0	0	1	15	0	2	2	80	14	3	11	88	24	16
191	C/悪夢の盾	1	11	0	100	3	25	114	4	2	1	174	136	-1	13	2	13	4	2	0	0	2	4	4	2	0	0	2	22	4	2	0	0	2	0	0	2	0	0	2	0	0	2	0	0	2	0	0	2	0	0	2	0	0	1	15	0	2	2	190	8	4	15	153	32	16
192	B/伝統の盾	1	11	0	100	4	25	115	4	3	1	174	156	-1	13	2	21	4	2	0	0	2	0	0	2	0	0	2	20	4	2	0	0	2	5	4	2	0	0	2	0	0	2	0	0	2	0	0	2	0	0	2	0	0	1	15	0	2	3	510	2	5	26	301	54	16
193	B/みどりの盾	1	11	0	100	4	25	116	4	4	1	174	100	-1	13	2	0	0	2	0	0	2	5	4	2	0	0	2	25	4	2	16	4	2	0	0	2	0	0	2	0	0	2	0	0	2	0	0	2	0	0	2	0	0	1	15	0	2	3	570	2	5	29	336	60	16
194	S/ﾘﾌﾚｸﾄｼｰﾙﾄﾞ	1	11	0	100	6	25	117	4	5	1	174	139	-1	13	2	0	0	2	0	0	2	0	0	2	0	0	2	33	6	2	39	6	2	9	6	2	0	0	2	0	0	2	0	0	2	0	0	2	0	0	2	0	0	1	15	0	2	4	1020	-1	7	0	0	0	0
195	A/ｺﾞｰﾙﾄﾞｼｰﾙﾄﾞ	1	11	0	100	5	25	118	4	6	1	174	111	-1	13	2	0	0	2	32	6	2	8	6	2	0	0	2	28	6	2	0	0	2	0	0	2	0	0	2	0	0	2	0	0	2	0	0	2	0	0	2	0	0	1	15	0	2	4	640	-1	6	0	0	0	0
196	S/輝きの盾	1	11	0	100	6	25	119	4	7	1	174	106	-1	13	2	32	7	2	0	0	2	10	7	2	0	0	2	47	7	2	0	0	2	0	0	2	0	0	2	0	0	2	0	0	2	0	0	2	0	0	2	0	0	1	15	0	2	4	1020	-1	7	0	0	0	0
197	C/魔王の盾	1	11	0	100	3	25	120	4	8	1	174	111	-1	13	2	0	0	2	0	0	2	0	0	2	0	0	2	22	3	2	13	3	2	4	3	2	0	0	2	0	0	2	0	0	2	0	0	2	0	0	2	0	0	1	15	0	2	2	190	8	4	15	144	32	16
198	B/伝説の盾	1	11	0	100	4	25	121	4	9	1	174	132	-1	13	2	6	5	2	0	0	2	0	0	2	0	0	2	29	5	2	0	0	2	18	5	2	0	0	2	0	0	2	0	0	2	0	0	2	0	0	2	0	0	1	15	0	2	3	670	2	5	36	489	74	16
199	C/覇王の盾	1	11	0	100	3	25	122	4	10	1	174	103	-1	13	2	0	0	2	0	0	2	0	0	2	0	0	2	14	3	2	14	3	2	3	3	2	0	0	2	0	0	2	0	0	2	0	0	2	0	0	2	0	0	1	15	0	2	2	190	8	4	12	96	26	16
200	S/ｶｲﾛｼｰﾙﾄﾞ	1	11	0	100	6	25	123	4	11	1	174	138	-1	13	2	0	0	2	36	7	2	9	7	2	0	0	2	31	7	2	0	0	2	0	0	2	0	0	2	0	0	2	0	0	2	0	0	2	0	0	2	0	0	1	15	0	2	4	1020	-1	7	0	0	0	0
201	F/腰巻	1	12	0	200	0	25	-2	4	0	0	172	146	-1	13	2	0	0	2	0	0	2	2	2	2	0	0	2	7	2	2	0	0	2	0	0	2	0	0	2	0	0	2	0	0	2	0	0	2	0	0	2	0	0	1	15	0	2	1	3	20	1	1	3	4	16
202	F/布の服	1	12	0	200	0	25	-2	4	1	0	172	156	-1	13	2	0	0	2	0	0	2	0	0	2	0	0	2	7	1	2	0	0	2	0	0	2	0	0	2	0	0	2	4	1	2	3	1	2	0	0	2	0	0	1	15	0	2	1	3	20	1	1	4	4	16
203	F/服	1	12	0	200	0	25	-2	4	2	0	172	118	-1	13	2	0	0	2	0	0	2	3	1	2	0	0	2	6	1	2	0	0	2	0	0	2	0	0	2	0	0	2	0	0	2	0	0	2	0	0	2	0	0	1	15	0	2	1	3	20	1	1	2	4	16
204	E/黄色い服	1	12	0	200	1	25	-2	4	3	0	172	130	-1	13	2	7	2	2	0	0	2	0	0	2	0	0	2	9	2	2	1	2	2	0	0	2	0	0	2	0	0	2	0	0	2	0	0	2	0	0	2	0	0	1	15	0	2	1	20	18	2	5	28	12	16
205	E/丈夫な服	1	12	0	200	1	25	-2	4	4	0	172	128	-1	13	2	5	2	2	0	0	2	0	0	2	0	0	2	11	2	2	0	0	2	1	2	2	0	0	2	0	0	2	0	0	2	0	0	2	0	0	2	0	0	1	15	0	2	1	20	18	2	5	28	12	16
206	D/流行の服	1	12	0	200	2	25	-2	4	5	0	172	96	-1	13	2	0	0	2	0	0	2	0	0	2	0	0	2	12	3	2	2	3	2	0	0	2	0	0	2	0	0	2	18	3	2	0	0	2	0	0	2	0	0	1	15	0	2	2	80	14	3	8	82	18	16
207	D/厚手の服	1	12	0	200	2	25	-2	4	6	0	172	158	-1	13	2	0	0	2	8	3	2	2	3	2	0	0	2	14	3	2	0	0	2	0	0	2	0	0	2	0	0	2	0	0	2	0	0	2	0	0	2	0	0	1	15	0	2	2	80	14	3	8	66	18	16
208	D/鎖かたびら	1	12	0	200	2	25	-2	4	7	0	172	91	-1	13	2	0	0	2	0	0	2	0	0	2	0	0	2	14	6	2	0	0	2	0	0	2	0	0	2	0	0	2	0	0	2	0	0	2	0	0	2	0	0	1	15	0	2	2	80	14	3	8	40	18	16
209	C/ｽｶｰﾄ	1	12	0	200	3	25	-2	4	8	0	172	141	-1	13	2	0	0	2	0	0	2	0	0	2	0	0	2	14	3	2	14	3	2	3	3	2	0	0	2	0	0	2	0	0	2	0	0	2	0	0	2	0	0	1	15	0	2	2	190	8	4	12	120	26	1040
210	B/ﾜﾝﾋﾟｰｽ	1	12	0	200	4	25	-2	4	9	0	172	127	-1	13	2	0	0	2	0	0	2	0	0	2	0	0	2	20	4	2	5	4	2	0	0	2	0	0	2	36	4	2	0	0	2	0	0	2	0	0	2	0	0	1	15	0	2	3	570	2	5	29	529	60	1040
211	D/ﾊﾟｼﾞｬﾏ	1	12	0	200	2	25	-2	4	0	1	172	125	-1	13	2	8	2	2	0	0	2	10	2	2	0	0	2	4	2	2	2	2	2	0	0	2	0	0	2	0	0	2	0	0	2	0	0	2	0	0	2	0	0	1	15	0	2	2	80	14	3	8	64	18	16
212	C/毛皮のｺｰﾄ	1	12	0	200	3	25	-2	4	1	1	172	97	-1	13	2	0	0	2	0	0	2	10	3	2	0	0	2	18	3	2	0	0	2	3	3	2	0	0	2	0	0	2	0	0	2	0	0	2	0	0	2	0	0	1	15	0	2	2	190	8	4	12	120	26	16
213	C/コート	1	12	0	200	3	25	-2	4	2	1	172	156	-1	13	2	14	4	2	3	4	2	10	4	2	0	0	2	4	4	2	0	0	2	0	0	2	0	0	2	0	0	2	0	0	2	0	0	2	0	0	2	0	0	1	15	0	2	2	190	8	4	12	141	26	16
214	C/ﾛｰﾌﾞ	1	12	0	200	3	25	-2	4	3	1	172	124	-1	13	2	0	0	2	14	3	2	0	0	2	0	0	2	4	3	2	3	3	2	0	0	2	0	0	2	0	0	2	18	3	2	0	0	2	0	0	2	0	0	1	15	0	2	2	190	8	4	12	153	26	16
215	B/上質ﾛｰﾌﾞ	1	12	0	200	4	25	-2	4	4	1	172	117	-1	13	2	0	0	2	18	4	2	0	0	2	0	0	2	4	4	2	4	4	2	0	0	2	0	0	2	0	0	2	22	4	2	0	0	2	0	0	2	0	0	1	15	0	2	3	610	2	5	28	448	58	16
216	C/紋付き袴	1	12	0	200	3	25	-2	4	5	1	172	101	-1	13	2	0	0	2	0	0	2	14	3	2	0	0	2	14	3	2	0	0	2	3	3	2	0	0	2	0	0	2	0	0	2	0	0	2	0	0	2	0	0	1	15	0	2	2	190	8	4	12	120	26	16
217	D/マント	1	12	0	200	2	25	-2	4	6	1	172	129	-1	13	2	0	0	2	0	0	2	0	0	2	0	0	2	14	3	2	2	3	2	0	0	2	0	0	2	0	0	2	0	0	2	0	0	2	13	3	2	0	0	1	15	0	2	2	80	14	3	8	76	18	16
218	C/丈夫マント	1	12	0	200	3	25	-2	4	7	1	172	112	-1	13	2	0	0	2	0	0	2	0	0	2	0	0	2	18	3	2	10	3	2	0	0	2	0	0	2	0	0	2	14	3	2	0	0	2	0	0	2	0	0	1	15	0	2	2	190	8	4	12	153	26	16
219	B/紫マント	1	12	0	200	4	25	-2	4	8	1	172	143	-1	13	2	0	0	2	0	0	2	0	0	2	0	0	2	17	4	2	18	4	2	4	4	2	0	0	2	0	0	2	0	0	2	0	0	2	0	0	2	0	0	1	15	0	2	3	530	2	5	24	306	50	16
220	A/王のﾏﾝﾄ	1	12	0	200	5	25	-2	4	9	1	172	111	-1	13	2	21	5	2	7	5	2	0	0	2	0	0	2	32	5	2	0	0	2	0	0	2	0	0	2	0	0	2	0	0	2	0	0	2	0	0	2	0	0	1	15	0	2	4	640	-1	6	0	0	0	0
221	E/皮の胸当て	1	12	0	200	1	25	-2	4	0	2	172	117	-1	13	2	0	0	2	0	0	2	0	0	2	0	0	2	9	2	2	7	2	2	1	2	2	0	0	2	0	0	2	0	0	2	0	0	2	0	0	2	0	0	1	15	0	2	1	20	18	2	5	28	12	16
222	D/鉄の胸当て	1	12	0	200	2	25	-2	4	1	2	172	143	-1	13	2	0	0	2	0	0	2	0	0	2	0	0	2	14	3	2	8	3	2	2	3	2	0	0	2	0	0	2	0	0	2	0	0	2	0	0	2	0	0	1	15	0	2	2	80	14	3	8	66	18	16
223	C/皮の鎧	1	12	0	200	3	25	-2	4	2	2	172	136	-1	13	2	10	3	2	0	0	2	0	0	2	0	0	2	18	3	2	0	0	2	0	0	2	0	0	2	14	3	2	0	0	2	0	0	2	0	0	2	0	0	1	15	0	2	2	190	8	4	12	153	26	16
224	C/ﾗｲﾄﾒｲﾙ	1	12	0	200	3	25	-2	4	3	2	172	120	-1	13	2	0	0	2	0	0	2	0	0	2	0	0	2	14	3	2	14	3	2	3	3	2	0	0	2	0	0	2	0	0	2	0	0	2	0	0	2	0	0	1	15	0	2	2	190	8	4	12	120	26	16
225	B/銅の鎧	1	12	0	200	4	25	-2	4	4	2	172	142	-1	13	2	0	0	2	0	0	2	0	0	2	0	0	2	22	4	2	0	0	2	0	0	2	0	0	2	0	0	2	0	0	2	0	0	2	0	0	2	0	0	1	15	0	2	3	450	2	5	20	130	42	16
226	B/ｼﾙﾊﾞｰｱｰﾏｰ	1	12	0	200	4	25	-2	4	5	2	172	108	-1	13	2	0	0	2	21	4	2	5	4	2	0	0	2	20	4	2	0	0	2	0	0	2	0	0	2	0	0	2	0	0	2	0	0	2	0	0	2	0	0	1	15	0	2	3	530	2	5	27	391	56	16
227	A/緑の鎧	1	12	0	200	5	25	-2	4	6	2	172	118	-1	13	2	28	5	2	0	0	2	0	0	2	0	0	2	25	5	2	0	0	2	7	5	2	0	0	2	0	0	2	0	0	2	0	0	2	0	0	2	0	0	1	15	0	2	4	640	-1	6	0	0	0	0
228	A/重い鎧	1	12	0	200	5	25	-2	4	7	2	172	154	-1	13	2	8	6	2	0	0	2	0	0	2	0	0	2	36	6	2	0	0	2	24	6	2	0	0	2	0	0	2	0	0	2	0	0	2	0	0	2	0	0	1	15	0	2	4	640	-1	6	0	0	0	0
229	S/金の鎧	1	12	0	200	6	25	-2	4	8	2	172	97	-1	13	2	10	8	2	0	0	2	0	0	2	0	0	2	36	8	2	0	0	2	43	8	2	0	0	2	0	0	2	0	0	2	0	0	2	0	0	2	0	0	1	15	0	2	4	1020	-1	7	0	0	0	0
230	S/ﾌﾞﾗｯｸﾒｲﾙ	1	12	0	200	6	25	-2	4	9	2	172	120	-1	13	2	0	0	2	12	9	2	0	0	2	0	0	2	54	9	2	0	0	2	37	9	2	0	0	2	0	0	2	0	0	2	0	0	2	0	0	2	0	0	1	15	0	2	4	1020	-1	7	0	0	0	0
231	F/ﾊﾞﾝﾀﾞﾅ	1	13	0	300	0	25	-2	4	0	0	173	106	-1	13	2	0	0	2	0	0	2	4	2	2	0	0	2	3	2	2	0	0	2	0	0	2	0	0	2	0	0	2	0	0	2	6	2	2	0	0	2	0	0	1	15	0	2	1	3	20	1	3	57	8	16
232	F/ｶﾁｭｰｼｬ	1	13	0	300	0	25	-2	4	1	0	173	130	-1	13	2	0	0	2	0	0	2	0	0	2	0	0	2	3	1	2	0	0	2	1	1	2	0	0	2	4	1	2	0	0	2	0	0	2	0	0	2	0	0	1	15	0	2	1	3	20	1	1	11	4	1040
233	F/ﾍｱﾊﾞﾝﾄﾞ	1	13	0	300	0	25	-2	4	2	0	173	120	-1	13	2	0	0	2	0	0	2	2	1	2	0	0	2	3	1	2	0	0	2	0	0	2	0	0	2	0	0	2	3	1	2	0	0	2	0	0	2	0	0	1	15	0	2	1	3	20	1	1	11	4	16
234	F/ﾀｰﾊﾞﾝ	1	13	0	300	0	25	-2	4	3	0	173	134	-1	13	2	0	0	2	0	0	2	0	0	2	0	0	2	4	2	2	3	2	2	0	0	2	0	0	2	0	0	2	8	2	2	0	0	2	0	0	2	0	0	1	15	0	2	1	3	20	1	3	63	8	16
235	E/帽子	1	13	0	300	1	25	-2	4	4	0	173	150	-1	13	2	0	0	2	0	0	2	5	2	2	0	0	2	10	2	2	0	0	2	0	0	2	0	0	2	0	0	2	7	2	2	0	0	2	0	0	2	0	0	1	15	0	2	1	20	18	2	7	196	16	16
236	E/ﾍﾙﾒｯﾄ	1	13	0	300	1	25	-2	4	5	0	173	100	-1	13	2	5	2	2	0	0	2	1	2	2	0	0	2	10	2	2	0	0	2	0	0	2	0	0	2	0	0	2	0	0	2	0	0	2	0	0	2	0	0	1	15	0	2	1	20	18	2	7	154	16	16
237	E/帽子	1	13	0	300	1	25	-2	4	6	0	173	154	-1	13	2	0	0	2	0	0	2	0	0	2	0	0	2	8	2	2	1	2	2	7	2	2	0	0	2	0	0	2	0	0	2	0	0	2	0	0	2	0	0	1	15	0	2	1	20	18	2	7	154	16	16
238	D/ﾊﾞﾝﾀﾞﾅ	1	13	0	300	2	25	-2	4	7	0	173	141	-1	13	2	0	0	2	0	0	2	7	2	2	0	0	2	5	2	2	9	2	2	0	0	2	0	0	2	0	0	2	0	0	2	0	0	2	0	0	2	0	0	1	15	0	2	2	80	14	3	11	297	24	16
239	D/はちまき	1	13	0	300	2	25	-2	4	8	0	173	119	-1	13	2	0	0	2	0	0	2	2	3	2	9	3	2	3	3	2	7	3	2	0	0	2	0	0	2	0	0	2	0	0	2	0	0	2	0	0	2	0	0	1	15	0	2	2	80	14	3	11	363	24	16
240	D/はちあて	1	13	0	300	2	25	-2	4	9	0	173	154	-1	13	2	0	0	2	0	0	2	9	3	2	0	0	2	15	3	2	3	3	2	0	0	2	0	0	2	0	0	2	0	0	2	0	0	2	0	0	2	0	0	1	15	0	2	2	80	14	3	13	468	28	16
241	F/料理帽	1	13	0	300	0	25	-2	4	0	1	173	150	-1	13	2	0	0	2	0	0	2	0	0	2	0	0	2	3	1	2	0	0	2	0	0	2	0	0	2	3	1	2	4	1	2	0	0	2	0	0	2	0	0	1	15	0	2	1	3	20	1	1	13	4	16
242	F/ｼﾙｸﾊｯﾄ	1	13	0	300	0	25	-2	4	1	1	173	159	-1	13	2	0	0	2	0	0	2	4	2	2	0	0	2	4	2	2	0	0	2	0	0	2	0	0	2	6	2	2	0	0	2	0	0	2	0	0	2	0	0	1	15	0	2	1	3	20	1	3	60	8	16
243	F/帽子	1	13	0	300	0	25	-2	4	2	1	173	120	-1	13	2	0	0	2	0	0	2	1	1	2	0	0	2	3	1	2	0	0	2	2	1	2	0	0	2	0	0	2	0	0	2	0	0	2	0	0	2	0	0	1	15	0	2	1	3	20	1	1	9	4	16
244	F/聖なる帽子	1	13	0	300	0	25	-2	4	3	1	173	154	-1	13	2	0	0	2	4	1	2	0	0	2	0	0	2	3	1	2	0	0	2	0	0	2	0	0	2	6	1	2	4	1	2	0	0	2	0	0	2	0	0	1	15	0	2	1	3	20	1	3	63	8	16
245	E/天使の輪	1	13	0	300	1	25	-2	4	4	1	173	142	-1	13	2	1	2	2	7	2	2	0	0	2	0	0	2	3	2	2	0	0	2	0	0	2	0	0	2	9	2	2	0	0	2	0	0	2	0	0	2	0	0	1	15	0	2	1	20	18	2	7	196	16	16
246	E/海賊帽	1	13	0	300	1	25	-2	4	5	1	173	136	-1	13	2	7	2	2	0	0	2	5	2	2	0	0	2	4	2	2	0	0	2	0	0	2	0	0	2	0	0	2	0	0	2	0	0	2	0	0	2	0	0	1	15	0	2	1	20	18	2	7	154	16	16
247	E/提督帽	1	13	0	300	1	25	-2	4	6	1	173	127	-1	13	2	0	0	2	0	0	2	1	2	2	7	2	2	8	2	2	0	0	2	0	0	2	0	0	2	0	0	2	0	0	2	0	0	2	0	0	2	0	0	1	15	0	2	1	20	18	2	7	154	16	16
248	D/羽付きﾊﾞﾝﾀﾞﾅ	1	13	0	300	2	25	-2	4	7	1	173	134	-1	13	2	0	0	2	0	0	2	7	3	2	2	3	2	3	3	2	9	3	2	0	0	2	0	0	2	0	0	2	0	0	2	0	0	2	0	0	2	0	0	1	15	0	2	2	80	14	3	11	363	24	16
249	D/羽付き帽	1	13	0	300	2	25	-2	4	8	1	173	97	-1	13	2	0	0	2	0	0	2	2	2	2	0	0	2	3	2	2	9	2	2	7	2	2	0	0	2	0	0	2	0	0	2	0	0	2	0	0	2	0	0	1	15	0	2	2	80	14	3	11	319	24	16
250	D/羽付きﾍﾙﾑ	1	13	0	300	2	25	-2	4	9	1	173	119	-1	13	2	3	3	2	0	0	2	9	3	2	0	0	2	3	3	2	12	3	2	0	0	2	0	0	2	0	0	2	0	0	2	0	0	2	0	0	2	0	0	1	15	0	2	2	80	14	3	13	507	28	16
251	D/魔法帽	1	13	0	300	2	25	-2	4	0	2	173	160	-1	13	2	0	0	2	12	3	2	0	0	2	0	0	2	3	3	2	3	3	2	0	0	2	0	0	2	15	3	2	0	0	2	0	0	2	0	0	2	0	0	1	15	0	2	2	80	14	3	13	585	28	16
252	C/魔法使い帽	1	13	0	300	3	25	-2	4	1	2	173	95	-1	13	2	0	0	2	14	4	2	0	0	2	0	0	2	3	4	2	0	0	2	0	0	2	0	0	2	18	4	2	14	4	2	0	0	2	0	0	2	0	0	1	15	0	2	2	190	8	4	17	1105	36	16
253	B/魔道帽	1	13	0	300	4	25	-2	4	2	2	173	134	-1	13	2	0	0	2	19	5	2	0	0	2	0	0	2	3	5	2	0	0	2	4	5	2	0	0	2	24	5	2	0	0	2	0	0	2	0	0	2	0	0	1	15	0	2	3	370	2	5	0	0	0	0
254	A/伝説の帽子	1	13	0	300	5	25	-2	4	3	2	173	143	-1	13	2	18	6	2	6	6	2	0	0	2	0	0	2	27	6	2	0	0	2	0	0	2	0	0	2	0	0	2	0	0	2	0	0	2	0	0	2	0	0	1	15	0	2	4	640	-1	6	0	0	0	0
255	B/魔力ﾊｯﾄ	1	13	0	300	4	25	-2	4	4	2	173	140	-1	13	2	0	0	2	14	5	2	0	0	2	0	0	2	3	5	2	4	5	2	0	0	2	0	0	2	32	5	2	0	0	2	0	0	2	0	0	2	0	0	1	15	0	2	3	370	2	5	0	0	0	0
256	C/鎖帽子	1	13	0	300	3	25	-2	4	5	2	173	155	-1	13	2	10	3	2	0	0	2	3	3	2	0	0	2	17	3	2	0	0	2	0	0	2	0	0	2	0	0	2	0	0	2	0	0	2	0	0	2	0	0	1	15	0	2	2	190	8	4	17	663	36	16
257	B/ｼｬﾝﾌﾟｰﾊｯﾄ	1	13	0	300	4	25	-2	4	6	2	173	127	-1	13	2	0	0	2	0	0	2	16	5	2	0	0	2	3	5	2	0	0	2	0	0	2	0	0	2	21	5	2	0	0	2	16	5	2	0	0	2	0	0	1	15	0	2	3	370	2	5	0	0	0	0
258	A/ｶｲﾛ帽	1	13	0	300	5	25	-2	4	7	2	173	107	-1	13	2	0	0	2	0	0	2	0	0	2	0	0	2	3	6	2	0	0	2	24	6	2	0	0	2	30	6	2	0	0	2	0	0	2	24	6	2	0	0	1	15	0	2	4	640	-1	6	0	0	0	0
259	S/王冠	1	13	0	300	6	25	-2	4	8	2	173	94	-1	13	2	36	9	2	0	0	2	0	0	2	0	0	2	30	9	2	0	0	2	9	9	2	0	0	2	0	0	2	0	0	2	0	0	2	0	0	2	0	0	1	15	0	2	4	1020	-1	7	0	0	0	0
260	A/ティアラ	1	13	0	300	5	25	-2	4	9	2	173	100	-1	13	2	0	0	2	18	7	2	0	0	2	0	0	2	3	7	2	0	0	2	24	7	2	0	0	2	24	7	2	0	0	2	0	0	2	0	0	2	0	0	1	15	0	2	4	640	-1	6	0	0	0	1024
261	D/見張り帽	1	13	0	300	2	25	-2	4	0	3	173	105	-1	13	2	1	2	2	0	0	2	5	2	2	0	0	2	10	2	2	0	0	2	0	0	2	0	0	2	0	0	2	0	0	2	0	0	2	0	0	2	0	0	1	15	0	2	2	80	14	3	8	176	18	16
262	C/衛兵帽	1	13	0	300	3	25	-2	4	1	3	173	146	-1	13	2	3	3	2	0	0	2	12	3	2	0	0	2	12	3	2	0	0	2	0	0	2	0	0	2	0	0	2	0	0	2	0	0	2	0	0	2	0	0	1	15	0	2	2	190	8	4	14	504	30	16
263	C/銅の兜	1	13	0	300	3	25	-2	4	2	3	173	110	-1	13	2	0	0	2	0	0	2	0	0	2	0	0	2	17	4	2	0	0	2	10	4	2	0	0	2	0	0	2	14	4	2	0	0	2	0	0	2	0	0	1	15	0	2	2	190	8	4	17	901	36	16
264	C/ﾍﾙﾒｯﾄ	1	13	0	300	3	25	-2	4	3	3	173	146	-1	13	2	0	0	2	0	0	2	0	0	2	0	0	2	15	5	2	0	0	2	0	0	2	0	0	2	0	0	2	0	0	2	0	0	2	0	0	2	0	0	1	15	0	2	2	190	8	4	14	280	30	16
265	B/鉄仮面	1	13	0	300	4	25	-2	4	4	3	173	159	-1	13	2	0	0	2	0	0	2	12	4	2	0	0	2	19	4	2	0	0	2	4	4	2	0	0	2	0	0	2	0	0	2	0	0	2	0	0	2	0	0	1	15	0	2	3	370	2	5	0	0	0	0
266	B/鉄の兜	1	13	0	300	4	25	-2	4	5	3	173	109	-1	13	2	0	0	2	0	0	2	0	0	2	0	0	2	22	5	2	0	0	2	14	5	2	0	0	2	0	0	2	0	0	2	0	0	2	0	0	2	0	0	1	15	0	2	3	370	2	5	0	0	0	0
267	A/黒い兜	1	13	0	300	5	25	-2	4	6	3	173	100	-1	13	2	0	0	2	19	6	2	0	0	2	0	0	2	29	6	2	0	0	2	6	6	2	0	0	2	0	0	2	0	0	2	0	0	2	0	0	2	0	0	1	15	0	2	4	640	-1	6	0	0	0	0
268	S/金の兜	1	13	0	300	6	25	-2	4	7	3	173	146	-1	13	2	28	9	2	0	0	2	9	9	2	0	0	2	41	9	2	0	0	2	0	0	2	0	0	2	0	0	2	0	0	2	0	0	2	0	0	2	0	0	1	15	0	2	4	1020	-1	7	0	0	0	0
269	A/竜の兜	1	13	0	300	5	25	-2	4	8	3	173	122	-1	13	2	6	5	2	24	5	2	0	0	2	0	0	2	21	5	2	0	0	2	0	0	2	0	0	2	0	0	2	0	0	2	0	0	2	0	0	2	0	0	1	15	0	2	4	640	-1	6	0	0	0	0
270	A/ﾛﾎﾞﾍﾙﾒｯﾄ	1	13	0	300	5	25	-2	4	9	3	173	115	-1	13	2	0	0	2	0	0	2	19	5	2	0	0	2	29	5	2	6	5	2	0	0	2	0	0	2	0	0	2	0	0	2	0	0	2	0	0	2	0	0	1	15	0	2	4	640	-1	6	0	0	0	0
271	E/首飾り	2	14	0	400	1	25	-2	4	0	0	175	105	-1	13	2	0	0	2	0	0	2	0	0	2	0	0	2	0	0	2	0	0	2	4	2	2	0	0	2	0	0	2	4	2	2	6	2	2	0	0	2	0	0	1	15	10	2	1	20	18	2	3	8	8	16
272	D/ﾈｯｸﾚｽ	2	14	0	400	2	25	-2	4	1	0	175	143	-1	13	2	0	0	2	0	0	2	0	0	2	0	0	2	0	0	2	0	0	2	9	3	2	0	0	2	0	0	2	9	3	2	12	3	2	0	0	2	0	0	1	15	10	2	2	80	14	3	6	33	14	16
273	C/お守り	2	14	0	400	3	25	-2	4	2	0	175	159	-1	13	2	0	0	2	0	0	2	0	0	2	0	0	2	0	0	2	0	0	2	14	3	2	0	0	2	0	0	2	14	3	2	18	3	2	0	0	2	0	0	1	15	10	2	2	190	8	4	10	78	22	16
274	B/青いﾍﾟﾝﾀﾞﾝﾄ	2	14	0	400	4	25	-2	4	3	0	175	159	-1	13	2	0	0	2	24	4	2	0	0	2	18	4	2	0	0	2	0	0	2	0	0	2	0	0	2	0	0	2	24	4	2	0	0	2	0	0	2	0	0	1	15	10	2	3	490	2	5	22	245	46	16
275	A/赤いﾍﾟﾝﾀﾞﾝﾄ	2	14	0	400	5	25	-2	4	4	0	175	104	-1	13	2	0	0	2	33	6	2	0	0	2	25	6	2	0	0	2	0	0	2	0	0	2	0	0	2	33	6	2	0	0	2	0	0	2	0	0	2	0	0	1	15	10	2	4	640	-1	6	0	0	0	0
276	S/金のﾍﾟﾝﾀﾞﾝﾄ	2	14	0	400	6	25	-2	4	5	0	175	160	-1	13	2	0	0	2	48	7	2	0	0	2	36	7	2	0	0	2	0	0	2	0	0	2	0	0	2	0	0	2	0	0	2	48	7	2	0	0	2	0	0	1	15	10	2	4	1020	-1	7	0	0	0	0
277	C/魔力ﾍﾟﾝﾀﾞﾝﾄ	2	14	0	400	3	25	-2	4	6	0	175	111	-1	13	2	0	0	2	14	3	2	0	0	2	0	0	2	0	0	2	0	0	2	0	0	2	0	0	2	18	3	2	14	3	2	0	0	2	0	0	2	0	0	1	15	10	2	2	190	8	4	10	78	22	16
278	B/金のﾌﾞﾚｽﾚｯﾄ	2	14	0	400	4	25	-2	4	7	0	175	121	-1	13	2	0	0	2	0	0	2	0	0	2	0	0	2	0	0	2	0	0	2	0	0	2	0	0	2	24	4	2	0	0	2	30	4	2	40	4	2	0	0	1	15	10	2	3	450	2	5	20	302	42	16
279	D/皮のﾊﾞﾝﾄﾞ	2	14	0	400	2	25	-2	4	8	0	175	102	-1	13	2	2	2	2	0	0	2	0	0	2	0	0	2	0	0	2	0	0	2	0	0	2	0	0	2	0	0	2	0	0	2	12	2	2	16	2	2	0	0	1	15	10	2	2	80	14	3	6	30	14	16
280	C/ﾘｽﾄﾊﾞﾝﾄﾞ	2	14	0	400	3	25	-2	4	9	0	175	138	-1	13	2	0	0	2	0	0	2	3	3	2	0	0	2	0	0	2	0	0	2	0	0	2	0	0	2	0	0	2	0	0	2	18	3	2	24	3	2	0	0	1	15	10	2	2	190	8	4	10	77	22	16
281	S/金メダル	2	14	0	400	6	25	-2	4	0	1	175	106	-1	13	2	0	0	2	0	0	2	0	0	2	0	0	2	48	7	2	0	0	2	36	7	2	0	0	2	0	0	2	48	7	2	0	0	2	0	0	2	0	0	1	15	10	2	4	1020	-1	7	0	0	0	0
282	D/ｽｶｰﾌ	2	14	0	400	2	25	-2	4	1	1	175	127	-1	13	2	0	0	2	0	0	2	0	0	2	0	0	2	9	3	2	0	0	2	7	3	2	0	0	2	9	3	2	0	0	2	0	0	2	0	0	2	0	0	1	15	10	2	2	80	14	3	6	29	14	16
283	B/首輪	2	14	0	400	4	25	-2	4	2	1	175	121	-1	13	2	0	0	2	0	0	2	0	0	2	0	0	2	24	4	2	0	0	2	18	4	2	0	0	2	0	0	2	0	0	2	24	4	2	0	0	2	0	0	1	15	10	2	3	470	2	5	21	234	44	16
284	A/金の首輪	2	14	0	400	5	25	-2	4	3	1	175	154	-1	13	2	0	0	2	8	5	2	0	0	2	0	0	2	33	5	2	0	0	2	25	5	2	0	0	2	0	0	2	0	0	2	0	0	2	0	0	2	0	0	1	15	10	2	4	640	-1	6	0	0	0	0
285	D/指輪	2	14	0	400	2	25	-2	4	4	1	175	122	-1	13	2	0	0	2	7	2	2	0	0	2	0	0	2	0	0	2	0	0	2	0	0	2	0	0	2	16	2	2	0	0	2	0	0	2	0	0	2	0	0	1	15	10	2	2	80	14	3	6	23	14	16
286	C/ﾊﾟｰﾙの指輪	2	14	0	400	3	25	-2	4	5	1	175	112	-1	13	2	0	0	2	10	3	2	0	0	2	0	0	2	0	0	2	0	0	2	0	0	2	0	0	2	24	3	2	0	0	2	14	3	2	0	0	2	0	0	1	15	10	2	2	190	8	4	10	81	22	16
287	B/銀の指輪	2	14	0	400	4	25	-2	4	6	1	175	90	-1	13	2	0	0	2	18	4	2	0	0	2	0	0	2	0	0	2	0	0	2	0	0	2	0	0	2	40	4	2	24	4	2	0	0	2	0	0	2	0	0	1	15	10	2	3	430	2	5	19	255	40	16
288	A/光玉の指輪	2	14	0	400	5	25	-2	4	7	1	175	139	-1	13	2	0	0	2	25	5	2	0	0	2	0	0	2	0	0	2	0	0	2	0	0	2	0	0	2	56	5	2	0	0	2	0	0	2	0	0	2	0	0	1	15	10	2	4	640	-1	6	0	0	0	0
289	S/金の指輪	2	14	0	400	6	25	-2	4	8	1	175	98	-1	13	2	0	0	2	36	6	2	0	0	2	0	0	2	0	0	2	0	0	2	0	0	2	0	0	2	80	6	2	0	0	2	48	6	2	0	0	2	0	0	1	15	10	2	4	1020	-1	7	0	0	0	0
290	C/手袋	2	14	0	400	3	25	-2	4	9	1	175	122	-1	13	2	0	0	2	0	0	2	0	0	2	0	0	2	10	3	2	0	0	2	0	0	2	0	0	2	0	0	2	24	4	2	0	0	2	14	4	2	0	0	1	15	10	2	2	190	8	4	10	84	22	16
291	B/皮の手袋	2	14	0	400	4	25	-2	4	0	2	175	100	-1	13	2	0	0	2	0	0	2	0	0	2	0	0	2	18	4	2	0	0	2	0	0	2	0	0	2	0	0	2	40	4	2	0	0	2	24	4	2	0	0	1	15	10	2	3	410	2	5	18	241	38	16
292	A/ｼﾙｸの手袋	2	14	0	400	5	25	-2	4	1	2	175	134	-1	13	2	0	0	2	0	0	2	0	0	2	0	0	2	25	5	2	0	0	2	0	0	2	0	0	2	0	0	2	56	5	2	0	0	2	33	5	2	0	0	1	15	10	2	4	640	-1	6	0	0	0	0
293	B/銀のｲﾔﾘﾝｸﾞ	2	14	0	400	4	25	-2	4	2	2	175	123	-1	13	2	0	0	2	0	0	2	18	5	2	0	0	2	0	0	2	0	0	2	0	0	2	0	0	2	0	0	2	0	0	2	24	5	2	0	0	2	40	5	1	15	10	2	3	570	2	5	26	360	54	16
294	A/金のｲﾔﾘﾝｸﾞ	2	14	0	400	5	25	-2	4	3	2	175	110	-1	13	2	0	0	2	0	0	2	25	6	2	0	0	2	0	0	2	0	0	2	0	0	2	0	0	2	0	0	2	33	6	2	0	0	2	0	0	2	56	6	1	15	10	2	4	640	-1	6	0	0	0	0
295	S/王家のｲﾔﾘﾝｸﾞ	2	14	0	400	6	25	-2	4	4	2	175	159	-1	13	2	0	0	2	0	0	2	36	6	2	0	0	2	0	0	2	0	0	2	0	0	2	0	0	2	48	6	2	0	0	2	0	0	2	0	0	2	80	6	1	15	10	2	4	1020	-1	7	0	0	0	0
296	E/皮の靴	2	14	0	400	1	25	-2	4	5	2	175	142	-1	13	2	0	0	2	0	0	2	0	0	2	0	0	2	0	0	2	4	2	2	3	2	2	0	0	2	0	0	2	0	0	2	4	2	2	0	0	2	0	0	1	15	10	2	1	20	18	2	3	7	8	16
297	F/木の靴	2	14	0	400	0	25	-2	4	6	2	175	107	-1	13	2	0	0	2	0	0	2	0	0	2	0	0	2	0	0	2	4	2	2	0	0	2	0	0	2	0	0	2	4	2	2	0	0	2	6	2	2	0	0	1	15	10	2	1	3	20	1	1	2	4	16
298	D/ﾃﾞｯｷｼｭｰｽﾞ	2	14	0	400	2	25	-2	4	7	2	175	103	-1	13	2	0	0	2	0	0	2	0	0	2	0	0	2	0	0	2	9	3	2	7	3	2	0	0	2	0	0	2	0	0	2	9	3	2	0	0	2	0	0	1	15	10	2	2	80	14	3	6	29	14	16
299	A/銀のﾌﾞｰﾂ	2	14	0	400	5	25	-2	4	8	2	175	90	-1	13	2	0	0	2	0	0	2	0	0	2	0	0	2	0	0	2	33	5	2	0	0	2	0	0	2	0	0	2	33	5	2	0	0	2	42	5	2	0	0	1	15	10	2	4	640	-1	6	0	0	0	0
300	B/ブーツ	2	14	0	400	4	25	-2	4	9	2	175	112	-1	13	2	0	0	2	0	0	2	0	0	2	0	0	2	0	0	2	24	5	2	18	5	2	0	0	2	0	0	2	0	0	2	24	5	2	0	0	2	0	0	1	15	10	2	3	530	2	5	24	277	50	16
301	S/羽付きﾌﾞｰﾂ	2	14	0	400	6	25	-2	4	0	3	175	134	-1	13	2	0	0	2	0	0	2	0	0	2	0	0	2	0	0	2	48	7	2	0	0	2	0	0	2	0	0	2	48	7	2	0	0	2	60	7	2	0	0	1	15	10	2	4	1020	-1	7	0	0	0	0
302	C/ろうそく	2	14	0	400	3	25	-2	4	1	3	175	100	-1	13	2	14	3	2	0	0	2	10	3	2	0	0	2	0	0	2	0	0	2	0	0	2	0	0	2	14	3	2	0	0	2	0	0	2	0	0	2	0	0	1	15	10	2	2	190	8	4	10	67	22	16
303	B/ふだ	2	14	0	400	4	25	-2	4	2	3	175	147	-1	13	2	24	4	2	0	0	2	18	4	2	0	0	2	0	0	2	0	0	2	0	0	2	0	0	2	0	0	2	0	0	2	24	4	2	0	0	2	0	0	1	15	10	2	3	590	2	5	27	300	56	16
304	A/金のベル	2	14	0	400	5	25	-2	4	3	3	175	94	-1	13	2	33	5	2	0	0	2	25	5	2	0	0	2	0	0	2	0	0	2	0	0	2	0	0	2	0	0	2	33	5	2	0	0	2	0	0	2	0	0	1	15	10	2	4	640	-1	6	0	0	0	0
305	B/赤いリボン	2	14	0	400	4	25	-2	4	4	3	175	90	-1	13	2	0	0	2	18	4	2	0	0	2	24	4	2	6	4	2	0	0	2	0	0	2	0	0	2	0	0	2	0	0	2	0	0	2	0	0	2	0	0	1	15	10	2	3	670	2	5	31	265	64	16
306	A/リボン	2	14	0	400	5	25	-2	4	5	3	175	158	-1	13	2	0	0	2	25	5	2	0	0	2	33	5	2	8	5	2	0	0	2	0	0	2	0	0	2	0	0	2	0	0	2	0	0	2	0	0	2	0	0	1	15	10	2	4	640	-1	6	0	0	0	0
307	C/木彫り像	2	14	0	400	3	25	-2	4	6	3	175	101	-1	13	2	0	0	2	0	0	2	0	0	2	0	0	2	0	0	2	0	0	2	14	3	2	0	0	2	0	0	2	14	3	2	18	3	2	0	0	2	0	0	1	15	10	2	2	190	8	4	10	78	22	16
308	C/布袋	2	14	0	400	3	25	-2	4	7	3	175	146	-1	13	2	0	0	2	0	0	2	0	0	2	0	0	2	0	0	2	0	0	2	14	3	2	0	0	2	14	3	2	0	0	2	0	0	2	18	3	2	0	0	1	15	10	2	2	190	8	4	10	78	22	16
309	B/黄金袋	2	14	0	400	4	25	-2	4	8	3	175	136	-1	13	2	0	0	2	0	0	2	0	0	2	0	0	2	0	0	2	0	0	2	24	4	2	0	0	2	0	0	2	30	4	2	24	4	2	0	0	2	0	0	1	15	10	2	3	710	2	5	33	424	68	16
310	S/ｿﾌ子ﾌｨｷﾞｭｱ	2	14	0	400	6	25	-2	4	9	3	175	121	-1	13	2	0	0	2	0	0	2	0	0	2	0	0	2	0	0	2	0	0	2	168	9	2	0	0	2	210	9	2	168	9	2	0	0	2	0	0	2	0	0	1	15	10	2	4	1020	-1	7	0	0	0	0
311	S/ｻﾝﾀの杖	0	2	0	1000	6	25	360	4	5	17	176	160	6	13	2	45	7	2	60	7	2	0	0	2	6	7	2	0	0	2	0	0	2	0	0	2	0	0	2	0	0	2	0	0	2	0	0	2	0	0	2	60	7	1	15	0	2	4	1020	-1	7	0	0	0	0
312	S/ｻﾝﾀｼｰﾙﾄﾞ	1	11	0	1001	6	25	361	4	0	2	174	138	-1	13	2	0	0	2	0	0	2	0	0	2	0	0	2	4	9	2	0	0	2	50	9	2	0	0	2	50	9	2	0	0	2	63	9	2	0	0	2	0	0	1	15	0	2	4	1020	-1	7	0	0