0	こんにちは。<br>これから建国の地に移動します。<br>しばらくお待ちくださいませ。	0	1
1	画面が重く感じたら<br>メニューの｢設定｣を<br>色々変更してみてね。	350	0
2	アンインストールすると<br>データが残らないから<br>気をつけてね！	1000	0
3	通信環境のいいところで<br>ゲームをプレイしてね！	350	0
4	ゲームから離れる前に<br>セーブしてくださいね。<br>※オートセーブもたまに入ります。	1000	0
5	ゲームは主に<br>端末内に保存されるよ<br>空き容量に気をつけてね	1000	0
6	馬小屋を設置したら<br>派遣の時に仲間が<br>使ってくれるよ	350	0
7	雲を払っていくと<br>街がランクアップできるよ	350	0
8	資源の草は・・・<br>畑を作ると<br>手に入れやすいよ	350	0
9	資源の木材は・・・<br>造林所を作ると<br>手に入れやすいよ	350	0
10	資源の食糧は・・・<br>酪農家を仲間にすると<br>手に入れやすいよ	1000	0
11	資源の鉄は・・・<br>砂漠や岩場を掘ると<br>出てくるかも	1000	0
12	資源の魔石は・・・<br>赤い石を掘ると<br>出てくるかも	1000	0
13	エナジーを手に入れるなら<br>発掘施設を建てましょう	1000	0
14	資源を多く集めるためにも<br>倉庫をたくさん<br>建てていきましょう	350	0
15	満月の夜は・・・敵が<br>襲ってくるかも。事前に<br>近くの敵を倒しておこう!	1000	0
16	エリアに隠された<br>王国の発展に役立つ<br>｢秘宝｣を集めよう！	350	0
17	周囲の雲めがけて<br>派遣して王国の領地を<br>広げていこう	350	0
18	宿屋に冒険者が泊ると<br>ボス戦にお手伝いに<br>来てくれます	1000	0
19	手に入れた技は<br>装備できる人に<br>身につけてもらおう	1000	0
20	街のお店で作った<br>武器や防具を<br>購入することができるよ	1000	0
21	キラキラ光るモンスターが<br>現れたら主力を派遣して<br>倒してみよう！	1000	0
22	港から街のお店まで<br>看板を立てて<br>お客を招いていこう	1000	0
23	幻の鍛冶屋を見つけて<br>武器を鍛えてもらおう	350	0
24	フレンドに討伐などに<br>呼び出されると<br>お礼がもらえるかも！	350	0
25	街に観光客を呼んで<br>お店を利用して<br>もらうと銅貨が増えるよ	350	0
26	カイロアカウントに<br>ログインして<br>ボーナスをもらってね	0	0
27	新しいエリアをみつけたら<br>ボスに近づけるように<br>派遣位置を調整しよう	1000	0
28	武器には得意な<br>場所の相性があって<br>攻撃力がアップするよ	350	0
29	武器屋や防具屋の<br>工房レベルをあげると<br>新しい商品がみつかるかも	1000	0
30	ボスまで派遣して討伐できる<br>状態にするとボスから敵が<br>湧き出てくるよ	1000	0
31	開拓が進むとフレンド登録が<br>できるようになるよ！	1000	0
32	メニュー｢リスト｣の<br>全体用アイテムも<br>使いこなしてみよう	350	0
33	倉庫の容量を増やすには<br>たくさん同じ倉庫を<br>設置してみよう	1000	0
34	ひつじさんのチュートリアルは<br>×ボタンでスキップできるよ	350	0
35	荒地をもとに戻せる<br>全体用アイテムがあるよ	1000	0
36	あんまり遠くに落ちてるものは<br>拾いに行ってくれないよ	1000	0
37	銅貨を手に入れたら<br>｢銅貨箱｣をつくってね！	10