0	D級 国王	0	0	0	0	0	-1	0	2	0	14	2	0	140	12	2	0	1	16	2	0	1	15	2	0	1	17	1	-1	3	4	4	2	0	0	13	4	20	100	100	4	4	20	100	20	2	4	20	100	100	4	4	20	100	20	2	4	20	100	6	2	4	20	100	20	2	4	20	100	20	2	4	99	100	0	5	4	20	100	15	4	4	20	100	10	4	4	20	100	10	2	4	20	100	15	3	4	20	100	20	3	0	一国の一番偉い人	7
1	C級 国王	0	0	0	0	0	-1	0	3	0	14	2	1	141	12	2	0	1	16	2	0	1	15	2	0	1	17	1	-1	3	4	4	2	2	1	13	4	30	100	125	4	4	30	100	24	2	4	30	100	125	4	4	30	100	30	2	4	30	100	7	2	4	30	100	30	2	4	30	100	30	2	4	99	100	0	5	4	30	100	19	4	4	30	100	13	4	4	30	100	13	2	4	30	100	19	3	4	30	100	26	3	0	一国の一番偉い人	6
2	B級 国王	0	0	0	0	0	-1	0	4	0	14	2	2	142	12	2	0	1	16	2	0	1	15	2	0	1	17	1	-1	3	5	5	2	4	2	13	4	40	100	155	5	4	40	100	30	2	4	40	100	155	4	4	40	100	44	2	4	40	100	9	2	4	40	100	44	2	4	40	100	44	2	4	99	100	0	5	4	40	100	24	4	4	40	100	16	4	4	40	100	16	2	4	40	100	24	3	4	40	100	33	3	0	一国の一番偉い人	6
3	A級 国王	0	0	0	0	0	-1	0	5	0	14	2	3	143	12	2	0	1	16	2	0	1	15	2	0	1	17	1	-1	3	5	5	2	6	3	13	4	50	100	190	7	4	50	100	36	3	4	50	100	190	5	4	50	100	66	3	4	50	100	11	2	4	50	100	66	2	4	50	100	66	2	4	99	100	0	5	4	50	100	31	4	4	50	100	20	4	4	50	100	20	2	4	50	100	31	3	4	50	100	42	3	0	一国の一番偉い人	6
4	S級 国王	0	0	0	0	0	-1	0	6	0	14	2	4	144	12	2	0	1	16	2	0	1	15	2	0	1	17	1	-1	3	6	6	2	8	4	13	4	60	100	235	10	4	60	100	44	5	4	60	100	235	7	4	60	100	98	4	4	60	100	14	3	4	60	100	98	3	4	60	100	98	3	4	99	100	0	5	4	60	100	40	5	4	60	100	26	5	4	60	100	26	3	4	60	100	40	4	4	60	100	54	4	0	一国の一番偉い人	6
5	D級 町人	0	0	1	0	20	10000	1	2	3	2	2	1	14	2	5	145	12	2	2	3	16	2	2	3	15	2	2	3	37	1	2	1	3	3	1	0	0	13	4	25	200	55	6	4	25	200	5	2	4	30	100	100	5	4	25	200	8	2	4	25	150	4	2	4	25	200	5	2	4	25	200	5	2	4	99	100	0	4	4	30	100	5	2	4	30	100	15	4	4	30	100	10	3	4	30	100	15	3	4	30	100	20	3	1	53	お宝解析し宿屋を開ける、必ず一人は欲しい	97
6	C級 町人	0	0	1	0	15	8000	1	2	3	2	3	0	14	2	6	146	12	2	2	3	16	2	2	3	15	2	2	3	37	1	3	2	3	3	1	2	1	13	4	25	200	65	6	4	25	200	6	2	4	35	100	125	5	4	25	200	12	2	4	30	150	5	2	4	25	200	6	2	4	25	200	6	2	4	99	100	0	4	4	35	100	6	2	4	35	100	19	4	4	35	100	13	3	4	35	100	19	3	4	35	100	26	3	1	53	お宝解析し宿屋を開ける、必ず一人は欲しい	96
7	B級 町人	0	0	1	0	10	6000	1	2	3	2	4	0	14	2	7	147	12	2	2	3	16	2	2	3	15	2	2	3	37	1	4	3	3	3	1	4	2	13	4	30	200	80	7	4	30	200	6	2	4	40	100	155	5	4	30	200	18	2	4	30	150	6	2	4	30	200	8	2	4	30	200	8	2	4	99	100	0	4	4	40	100	7	2	4	40	100	24	4	4	40	100	16	3	4	40	100	24	3	4	40	100	33	3	1	53	お宝解析し宿屋を開ける、必ず一人は欲しい	96
8	A級 町人	0	0	1	0	3	4000	1	2	3	2	5	0	14	2	8	148	12	2	2	3	16	2	2	3	15	2	2	3	37	1	5	4	3	3	1	8	3	13	4	30	200	100	9	4	30	200	6	3	4	45	100	190	6	4	30	200	26	3	4	35	150	7	2	4	30	200	12	2	4	30	200	12	2	4	99	100	0	4	4	45	100	9	2	4	45	100	31	4	4	45	100	20	3	4	45	100	31	3	4	45	100	42	3	2	53	64	お宝解析し宿屋を開ける、必ず一人は欲しい	96
9	S級 町人	0	0	1	0	0	-1	0	6	0	14	2	9	149	12	2	2	3	16	2	2	3	15	2	2	3	37	1	7	5	3	3	1	12	4	13	4	35	200	125	12	4	35	200	6	5	4	55	100	235	8	4	35	200	38	4	4	40	150	9	3	4	35	200	18	3	4	35	200	18	3	4	99	100	0	4	4	55	100	11	3	4	55	100	40	5	4	55	100	26	4	4	55	100	40	4	4	55	100	54	4	2	53	63	お宝解析し宿屋を開ける、必ず一人は欲しい	96
10	D級 農民	0	0	2	0	20	10000	1	2	3	3	2	1	14	2	10	150	12	2	4	5	16	2	4	5	15	2	4	5	67	1	2	1	3	3	1	0	0	13	4	25	200	70	6	4	25	200	5	2	4	30	100	100	5	4	25	200	8	2	4	25	150	5	2	4	25	200	5	2	4	25	200	5	2	4	99	100	0	4	4	30	100	5	2	4	30	100	20	2	4	30	100	25	4	4	30	100	15	3	4	30	100	5	2	1	42	畑や造林が得意。草刈りも早い!	101
11	C級 農民	0	0	2	0	15	8000	1	2	3	3	3	0	14	2	11	151	12	2	4	5	16	2	4	5	15	2	4	5	67	1	3	2	3	3	1	2	1	13	4	25	200	85	6	4	25	200	6	2	4	35	100	125	5	4	25	200	12	2	4	30	150	6	2	4	25	200	6	2	4	25	200	6	2	4	99	100	0	4	4	35	100	6	2	4	35	100	26	2	4	35	100	32	4	4	35	100	19	3	4	35	100	6	2	1	42	畑や造林が得意。草刈りも早い!	100
12	B級 農民	0	0	2	0	10	6000	1	2	3	3	4	0	14	2	12	152	12	2	4	5	16	2	4	5	15	2	4	5	67	1	4	3	3	3	1	4	2	13	4	30	200	105	7	4	30	200	6	2	4	40	100	155	5	4	30	200	18	2	4	30	150	7	2	4	30	200	8	2	4	30	200	8	2	4	99	100	0	4	4	40	100	7	2	4	40	100	33	2	4	40	100	41	4	4	40	100	24	3	4	40	100	7	2	2	42	93	畑や造林が得意。草刈りも早い!	100
13	A級 農民	0	0	2	0	3	4000	1	2	3	3	5	0	14	2	13	153	12	2	4	5	16	2	4	5	15	2	4	5	67	1	5	4	3	3	1	8	3	13	4	30	200	130	9	4	30	200	6	3	4	45	100	190	6	4	30	200	26	3	4	35	150	9	2	4	30	200	12	2	4	30	200	12	2	4	99	100	0	4	4	45	100	9	2	4	45	100	42	2	4	45	100	53	4	4	45	100	31	3	4	45	100	9	2	2	42	93	畑や造林が得意。草刈りも早い!	100
14	S級 農民	0	0	2	0	0	-1	0	6	0	14	2	14	154	12	2	4	5	16	2	4	5	15	2	4	5	67	1	7	5	3	3	1	12	4	13	4	35	200	160	12	4	35	200	6	5	4	55	100	235	8	4	35	200	38	4	4	40	150	11	3	4	35	200	18	3	4	35	200	18	3	4	99	100	0	4	4	55	100	11	3	4	55	100	54	3	4	55	100	68	5	4	55	100	40	4	4	55	100	11	3	3	42	64	93	畑や造林が得意。草刈りも早い!	100
15	D級 大工	0	0	3	0	20	10000	1	2	3	4	2	0	14	2	15	155	12	2	6	7	16	2	6	7	15	2	6	7	82	1	2	1	3	3	1	0	0	13	4	25	200	80	7	4	25	200	5	2	4	30	100	100	5	4	25	200	10	2	4	25	150	4	2	4	25	200	5	2	4	25	200	5	2	4	99	100	0	4	4	30	100	5	2	4	30	100	10	4	4	30	100	15	2	4	30	100	15	4	4	30	100	5	2	1	43	工事が得意!壊れた物の補修もできる	100
16	C級 大工	0	0	3	0	15	8000	1	2	3	4	3	0	14	2	16	156	12	2	6	7	16	2	6	7	15	2	6	7	82	1	3	2	3	3	1	2	1	13	4	25	200	100	7	4	25	200	6	2	4	35	100	125	5	4	25	200	14	2	4	30	150	5	2	4	25	200	6	2	4	25	200	6	2	4	99	100	0	4	4	35	100	6	2	4	35	100	13	4	4	35	100	19	2	4	35	100	19	4	4	35	100	6	2	1	43	工事が得意!壊れた物の補修もできる	100
17	B級 大工	0	0	3	0	10	6000	1	2	3	4	4	0	14	2	17	157	12	2	6	7	16	2	6	7	15	2	6	7	82	1	4	3	3	3	1	4	2	13	4	30	200	125	8	4	30	200	6	2	4	40	100	155	5	4	30	200	20	2	4	30	150	6	2	4	30	200	8	2	4	30	200	8	2	4	99	100	0	4	4	40	100	7	2	4	40	100	16	4	4	40	100	24	2	4	40	100	24	4	4	40	100	7	2	1	43	工事が得意!壊れた物の補修もできる	100
18	A級 大工	0	0	3	0	3	4000	1	2	3	4	5	0	14	2	18	158	12	2	6	7	16	2	6	7	15	2	6	7	82	1	5	4	3	3	1	8	3	13	4	30	200	155	10	4	30	200	6	3	4	45	100	190	6	4	30	200	30	3	4	35	150	7	2	4	30	200	12	2	4	30	200	12	2	4	99	100	0	4	4	45	100	9	2	4	45	100	20	4	4	45	100	31	2	4	45	100	31	4	4	45	100	9	2	2	43	64	工事が得意!壊れた物の補修もできる	100
19	S級 大工	0	0	3	0	0	-1	0	6	0	14	2	19	159	12	2	6	7	16	2	6	7	15	2	6	7	82	1	7	5	3	3	1	12	4	13	4	35	200	190	13	4	35	200	6	5	4	55	100	235	8	4	35	200	44	4	4	40	150	9	3	4	35	200	18	3	4	35	200	18	3	4	99	100	0	4	4	55	100	11	3	4	55	100	26	5	4	55	100	40	3	4	55	100	40	5	4	55	100	11	3	2	43	59	工事が得意!壊れた物の補修もできる	100
20	D級 運び屋	0	0	4	0	20	10000	1	2	3	5	2	0	14	2	20	160	12	2	8	9	16	2	8	9	15	2	8	9	92	1	2	1	4	4	1	0	0	13	4	25	200	75	7	4	25	200	5	2	4	30	100	100	5	4	25	200	8	2	4	25	150	4	2	4	25	200	5	2	4	25	200	5	2	4	99	100	0	4	4	30	100	20	2	4	30	100	10	3	4	30	100	15	1	4	30	100	35	3	4	30	100	5	2	1	46	運ぶのが得意。街から街に資源を運べる	100
21	C級 運び屋	0	0	4	0	15	8000	1	2	3	5	3	0	14	2	21	161	12	2	8	9	16	2	8	9	15	2	8	9	92	1	3	2	4	4	1	2	1	13	4	25	200	90	7	4	25	200	6	2	4	35	100	125	5	4	25	200	12	2	4	30	150	5	2	4	25	200	6	2	4	25	200	6	2	4	99	100	0	4	4	35	100	26	2	4	35	100	13	3	4	35	100	19	1	4	35	100	45	3	4	35	100	6	2	1	46	運ぶのが得意。街から街に資源を運べる	100
22	B級 運び屋	0	0	4	0	10	6000	1	2	3	5	4	0	14	2	22	162	12	2	8	9	16	2	8	9	15	2	8	9	92	1	4	3	4	4	1	4	2	13	4	30	200	110	8	4	30	200	6	2	4	40	100	155	5	4	30	200	18	2	4	30	150	6	2	4	30	200	8	2	4	30	200	8	2	4	99	100	0	4	4	40	100	33	2	4	40	100	16	3	4	40	100	24	1	4	40	100	58	3	4	40	100	7	2	1	46	運ぶのが得意。街から街に資源を運べる	100
23	A級 運び屋	0	0	4	0	3	4000	1	2	3	5	5	0	14	2	23	163	12	2	8	9	16	2	8	9	15	2	8	9	92	1	5	4	4	4	1	8	3	13	4	30	200	135	10	4	30	200	6	3	4	45	100	190	6	4	30	200	26	3	4	35	150	7	2	4	30	200	12	2	4	30	200	12	2	4	99	100	0	4	4	45	100	42	2	4	45	100	20	3	4	45	100	31	1	4	45	100	75	3	4	45	100	9	2	2	46	64	運ぶのが得意。街から街に資源を運べる	100
24	S級 運び屋	0	0	4	0	0	-1	0	6	0	14	2	24	164	12	2	8	9	16	2	8	9	15	2	8	9	92	1	7	5	4	4	1	12	4	13	4	35	200	165	13	4	35	200	6	5	4	55	100	235	8	4	35	200	38	4	4	40	150	9	3	4	35	200	18	3	4	35	200	18	3	4	99	100	0	4	4	55	100	54	3	4	55	100	26	4	4	55	100	40	2	4	55	100	97	4	4	55	100	11	3	2	46	61	運ぶのが得意。街から街に資源を運べる	100
25	D級 商人	0	2	5	0	20	10000	1	2	3	6	2	0	14	2	25	165	12	2	10	11	16	2	10	11	15	2	10	11	42	1	2	1	3	3	1	0	0	13	4	25	200	60	6	4	25	200	5	2	4	30	100	150	6	4	25	200	8	2	4	25	150	6	2	4	25	200	5	2	4	25	200	5	2	4	99	100	0	4	4	30	100	20	4	4	30	100	5	3	4	30	100	5	2	4	30	100	15	3	4	30	100	20	4	1	77	お店を開くのが得意、いつも元気な商人	100
26	C級 商人	0	2	5	0	15	8000	1	2	3	6	3	0	14	2	26	166	12	2	10	11	16	2	10	11	15	2	10	11	42	1	3	2	3	3	1	2	1	13	4	25	200	75	6	4	25	200	6	2	4	35	100	185	6	4	25	200	12	2	4	30	150	7	2	4	25	200	6	2	4	25	200	6	2	4	99	100	0	4	4	35	100	26	4	4	35	100	6	3	4	35	100	6	2	4	35	100	19	3	4	35	100	26	4	1	77	お店を開くのが得意、いつも元気な商人	100
27	B級 商人	0	2	5	0	10	6000	1	2	3	6	4	0	14	2	27	167	12	2	10	11	16	2	10	11	15	2	10	11	42	1	4	3	3	3	1	4	2	13	4	30	200	90	7	4	30	200	6	2	4	40	100	230	6	4	30	200	18	2	4	30	150	9	2	4	30	200	8	2	4	30	200	8	2	4	99	100	0	4	4	40	100	33	4	4	40	100	7	3	4	40	100	7	2	4	40	100	24	3	4	40	100	33	4	1	77	お店を開くのが得意、いつも元気な商人	100
28	A級 商人	0	2	5	0	3	4000	1	2	3	6	5	0	14	2	28	168	12	2	10	11	16	2	10	11	15	2	10	11	42	1	5	4	3	3	1	8	3	13	4	30	200	110	9	4	30	200	6	3	4	45	100	285	7	4	30	200	26	3	4	35	150	11	2	4	30	200	12	2	4	30	200	12	2	4	99	100	0	4	4	45	100	42	4	4	45	100	9	3	4	45	100	9	2	4	45	100	31	3	4	45	100	42	4	2	77	64	お店を開くのが得意、いつも元気な商人	100
29	S級 商人	0	2	5	0	0	-1	0	6	0	14	2	29	169	12	2	10	11	16	2	10	11	15	2	10	11	42	1	7	5	3	3	1	12	4	13	4	35	200	135	12	4	35	200	6	5	4	55	100	355	9	4	35	200	38	4	4	40	150	14	3	4	35	200	18	3	4	35	200	18	3	4	99	100	0	4	4	55	100	54	5	4	55	100	11	4	4	55	100	11	3	4	55	100	40	4	4	55	100	54	5	2	65	77	お店を開くのが得意、いつも元気な商人	100
30	D級 研究家	0	2	6	0	20	10000	1	2	3	7	2	0	14	2	30	170	12	2	12	13	16	2	12	13	15	2	12	13	152	1	2	1	3	3	2	0	0	13	4	25	200	55	6	4	25	200	5	2	4	30	100	100	5	4	25	200	8	2	4	25	150	4	2	4	25	200	5	2	4	25	200	5	2	4	99	100	0	4	4	30	100	20	4	4	30	100	5	4	4	30	100	5	1	4	30	100	15	1	4	30	100	20	2	1	47	研究といえばの職業、街に1人は欲しい	100
31	C級 研究家	0	2	6	0	15	8000	1	2	3	7	3	0	14	2	31	171	12	2	12	13	16	2	12	13	15	2	12	13	152	1	3	2	3	3	2	2	1	13	4	25	200	65	6	4	25	200	6	2	4	35	100	125	5	4	25	200	12	2	4	30	150	5	2	4	25	200	6	2	4	25	200	6	2	4	99	100	0	4	4	35	100	26	4	4	35	100	6	4	4	35	100	6	1	4	35	100	19	1	4	35	100	26	2	1	48	研究といえばの職業、街に1人は欲しい	100
32	B級 研究家	0	2	6	0	10	6000	1	2	3	7	4	0	14	2	32	172	12	2	12	13	16	2	12	13	15	2	12	13	152	1	4	3	3	3	2	4	2	13	4	30	200	80	7	4	30	200	6	2	4	40	100	155	5	4	30	200	18	2	4	30	150	6	2	4	30	200	8	2	4	30	200	8	2	4	99	100	0	4	4	40	100	33	4	4	40	100	7	4	4	40	100	7	1	4	40	100	24	1	4	40	100	33	2	1	49	研究といえばの職業、街に1人は欲しい	100
33	A級 研究家	0	2	6	0	3	4000	1	2	3	7	5	0	14	2	33	173	12	2	12	13	16	2	12	13	15	2	12	13	152	1	5	4	3	3	2	8	3	13	4	30	200	100	9	4	30	200	6	3	4	45	100	190	6	4	30	200	26	3	4	35	150	7	2	4	30	200	12	2	4	30	200	12	2	4	99	100	0	4	4	45	100	42	4	4	45	100	9	4	4	45	100	9	1	4	45	100	31	1	4	45	100	42	2	2	50	53	研究といえばの職業、街に1人は欲しい	100
34	S級 研究家	0	2	6	0	0	-1	0	6	0	14	2	34	174	12	2	12	13	16	2	12	13	15	2	12	13	152	1	7	5	3	3	2	12	4	13	4	35	200	125	12	4	35	200	6	5	4	55	100	235	8	4	35	200	38	4	4	40	150	9	3	4	35	200	18	3	4	35	200	18	3	4	99	100	0	4	4	55	100	54	5	4	55	100	11	5	4	55	100	11	2	4	55	100	40	2	4	55	100	54	3	2	51	53	研究といえばの職業、街に1人は欲しい	100
35	D級 料理人	0	2	7	0	20	10000	1	2	3	1	2	0	14	2	35	175	12	2	14	15	16	2	14	15	15	2	14	15	97	1	2	1	3	3	1	0	0	13	4	25	200	60	6	4	25	200	5	2	4	30	100	100	5	4	25	200	8	2	4	25	150	4	2	4	25	200	5	2	4	25	200	5	2	4	99	100	0	4	4	30	100	20	2	4	30	100	5	4	4	30	100	5	4	4	30	100	15	3	4	30	100	20	4	1	45	飯屋が開ける職業、育成に一役買うかも	100
36	C級 料理人	0	2	7	0	15	8000	1	2	3	1	3	0	14	2	36	176	12	2	14	15	16	2	14	15	15	2	14	15	97	1	3	2	3	3	1	2	1	13	4	25	200	75	6	4	25	200	6	2	4	35	100	125	5	4	25	200	12	2	4	30	150	5	2	4	25	200	6	2	4	25	200	6	2	4	99	100	0	4	4	35	100	26	2	4	35	100	6	4	4	35	100	6	4	4	35	100	19	3	4	35	100	26	4	1	45	飯屋が開ける職業、育成に一役買うかも	100
37	B級 料理人	0	2	7	0	10	6000	1	2	3	1	4	0	14	2	37	177	12	2	14	15	16	2	14	15	15	2	14	15	97	1	4	3	3	3	1	4	2	13	4	30	200	90	7	4	30	200	6	2	4	40	100	155	5	4	30	200	18	2	4	30	150	6	2	4	30	200	8	2	4	30	200	8	2	4	99	100	0	4	4	40	100	33	2	4	40	100	7	4	4	40	100	7	4	4	40	100	24	3	4	40	100	33	4	1	45	飯屋が開ける職業、育成に一役買うかも	100
38	A級 料理人	0	2	7	0	3	4000	1	2	3	1	5	0	14	2	38	178	12	2	14	15	16	2	14	15	15	2	14	15	97	1	5	4	3	3	1	8	3	13	4	30	200	110	9	4	30	200	6	3	4	45	100	190	6	4	30	200	26	3	4	35	150	7	2	4	30	200	12	2	4	30	200	12	2	4	99	100	0	4	4	45	100	42	2	4	45	100	9	4	4	45	100	9	4	4	45	100	31	3	4	45	100	42	4	2	45	64	飯屋が開ける職業、育成に一役買うかも	100
39	S級 料理人	0	2	7	0	0	-1	0	6	0	14	2	39	179	12	2	14	15	16	2	14	15	15	2	14	15	97	1	7	5	3	3	1	12	4	13	4	35	200	135	12	4	35	200	6	5	4	55	100	235	8	4	35	200	38	4	4	40	150	9	3	4	35	200	18	3	4	35	200	18	3	4	99	100	0	4	4	55	100	54	3	4	55	100	11	5	4	55	100	11	5	4	55	100	40	4	4	55	100	54	5	2	45	77	飯屋が開ける職業、育成に一役買うかも	100
40	D級 工芸家	0	2	8	0	20	10000	1	2	3	2	2	0	14	2	40	180	12	2	16	17	16	2	16	17	15	2	16	17	47	1	2	1	3	3	1	0	0	13	4	25	200	65	6	4	25	200	5	2	4	30	100	100	5	4	25	200	8	2	4	25	150	4	2	4	25	200	5	2	4	25	200	5	2	4	99	100	0	4	4	30	100	20	2	4	30	100	5	4	4	30	100	5	3	4	30	100	15	2	4	30	100	20	2	1	54	家具屋が開ける職業、街に1人はほしい	100
41	C級 工芸家	0	2	8	0	15	8000	1	2	3	2	3	0	14	2	41	181	12	2	16	17	16	2	16	17	15	2	16	17	47	1	3	2	3	3	1	2	1	13	4	25	200	80	6	4	25	200	6	2	4	35	100	125	5	4	25	200	12	2	4	30	150	5	2	4	25	200	6	2	4	25	200	6	2	4	99	100	0	4	4	35	100	26	2	4	35	100	6	4	4	35	100	6	3	4	35	100	19	2	4	35	100	26	2	1	55	家具屋が開ける職業、街に1人はほしい	100
42	B級 工芸家	0	2	8	0	10	6000	1	2	3	2	4	0	14	2	42	182	12	2	16	17	16	2	16	17	15	2	16	17	47	1	4	3	3	3	1	4	2	13	4	30	200	100	7	4	30	200	6	2	4	40	100	155	5	4	30	200	18	2	4	30	150	6	2	4	30	200	8	2	4	30	200	8	2	4	99	100	0	4	4	40	100	33	2	4	40	100	7	4	4	40	100	7	3	4	40	100	24	2	4	40	100	33	2	1	56	家具屋が開ける職業、街に1人はほしい	100
43	A級 工芸家	0	2	8	0	3	4000	1	2	3	2	5	0	14	2	43	183	12	2	16	17	16	2	16	17	15	2	16	17	47	1	5	4	3	3	1	8	3	13	4	30	200	125	9	4	30	200	6	3	4	45	100	190	6	4	30	200	26	3	4	35	150	7	2	4	30	200	12	2	4	30	200	12	2	4	99	100	0	4	4	45	100	42	2	4	45	100	9	4	4	45	100	9	3	4	45	100	31	2	4	45	100	42	2	2	57	64	家具屋が開ける職業、街に1人はほしい	100
44	S級 工芸家	0	2	8	0	0	-1	0	6	0	14	2	44	184	12	2	16	17	16	2	16	17	15	2	16	17	47	1	7	5	3	3	1	12	4	13	4	35	200	155	12	4	35	200	6	5	4	55	100	235	8	4	35	200	38	4	4	40	150	9	3	4	35	200	18	3	4	35	200	18	3	4	99	100	0	4	4	55	100	54	3	4	55	100	11	5	4	55	100	11	4	4	55	100	40	3	4	55	100	54	3	2	58	60	家具屋が開ける職業、街に1人はほしい	100
45	D級 鍛冶職人	0	2	9	0	20	10000	1	2	3	3	2	0	14	2	45	185	12	2	18	19	16	2	18	19	15	2	18	19	87	1	2	1	3	3	1	0	0	13	4	25	200	70	6	4	25	200	5	2	4	30	100	100	5	4	25	200	8	2	4	25	150	4	2	4	25	200	5	2	4	25	200	5	2	4	99	100	0	4	4	30	100	20	4	4	30	100	5	5	4	30	100	5	1	4	30	100	15	1	4	30	100	20	3	1	54	武器屋、防具屋が開ける職業	100
46	C級 鍛冶職人	0	2	9	0	15	8000	1	2	3	3	3	0	14	2	46	186	12	2	18	19	16	2	18	19	15	2	18	19	87	1	3	2	3	3	1	2	1	13	4	25	200	85	6	4	25	200	6	2	4	35	100	125	5	4	25	200	12	2	4	30	150	5	2	4	25	200	6	2	4	25	200	6	2	4	99	100	0	4	4	35	100	26	4	4	35	100	6	5	4	35	100	6	1	4	35	100	19	1	4	35	100	26	3	1	55	武器屋、防具屋が開ける職業	100
47	B級 鍛冶職人	0	2	9	0	10	6000	1	2	3	3	4	0	14	2	47	187	12	2	18	19	16	2	18	19	15	2	18	19	87	1	4	3	3	3	1	4	2	13	4	30	200	105	7	4	30	200	6	2	4	40	100	155	5	4	30	200	18	2	4	30	150	6	2	4	30	200	8	2	4	30	200	8	2	4	99	100	0	4	4	40	100	33	4	4	40	100	7	5	4	40	100	7	1	4	40	100	24	1	4	40	100	33	3	1	56	武器屋、防具屋が開ける職業	100
48	A級 鍛冶職人	0	2	9	0	3	4000	1	2	3	3	5	0	14	2	48	188	12	2	18	19	16	2	18	19	15	2	18	19	87	1	5	4	3	3	1	8	3	13	4	30	200	130	9	4	30	200	6	3	4	45	100	190	6	4	30	200	26	3	4	35	150	7	2	4	30	200	12	2	4	30	200	12	2	4	99	100	0	4	4	45	100	42	4	4	45	100	9	5	4	45	100	9	1	4	45	100	31	1	4	45	100	42	3	2	57	64	武器屋、防具屋が開ける職業	100
49	S級 鍛冶職人	0	2	9	0	0	-1	0	6	0	14	2	49	189	12	2	18	19	16	2	18	19	15	2	18	19	87	1	7	5	3	3	1	12	4	13	4	35	200	160	12	4	35	200	6	5	4	55	100	235	8	4	35	200	38	4	4	40	150	9	3	4	35	200	18	3	4	35	200	18	3	4	99	100	0	4	4	55	100	54	5	4	55	100	11	6	4	55	100	11	2	4	55	100	40	2	4	55	100	54	4	2	58	60	武器屋、防具屋が開ける職業	100
50	D級 医者	0	2	10	0	20	10000	1	2	3	4	2	0	14	2	50	190	12	2	20	21	16	2	20	21	15	2	20	21	102	1	2	1	3	3	2	0	0	13	4	25	200	65	6	4	25	200	5	2	4	30	100	100	5	4	25	200	8	2	4	25	150	4	2	4	25	200	5	2	4	25	200	5	2	4	99	100	0	4	4	30	100	20	5	4	30	100	5	3	4	30	100	5	1	4	30	100	15	1	4	30	100	20	2	1	37	治療のプロフェッショナル	104
51	C級 医者	0	2	10	0	15	8000	1	2	3	4	3	0	14	2	51	191	12	2	20	21	16	2	20	21	15	2	20	21	102	1	3	2	3	3	2	2	1	13	4	25	200	80	6	4	25	200	6	2	4	35	100	125	5	4	25	200	12	2	4	30	150	5	2	4	25	200	6	2	4	25	200	6	2	4	99	100	0	4	4	35	100	26	5	4	35	100	6	3	4	35	100	6	1	4	35	100	19	1	4	35	100	26	2	1	37	治療のプロフェッショナル	104
52	B級 医者	0	2	10	0	10	6000	1	2	3	4	4	0	14	2	52	192	12	2	20	21	16	2	20	21	15	2	20	21	102	1	4	3	3	3	2	4	2	13	4	30	200	100	7	4	30	200	6	2	4	40	100	155	5	4	30	200	18	2	4	30	150	6	2	4	30	200	8	2	4	30	200	8	2	4	99	100	0	4	4	40	100	33	5	4	40	100	7	3	4	40	100	7	1	4	40	100	24	1	4	40	100	33	2	1	38	治療のプロフェッショナル	104
53	A級 医者	0	2	10	0	3	4000	1	2	3	4	5	0	14	2	53	193	12	2	20	21	16	2	20	21	15	2	20	21	102	1	5	4	3	3	2	8	3	13	4	30	200	125	9	4	30	200	6	3	4	45	100	190	6	4	30	200	26	3	4	35	150	7	2	4	30	200	12	2	4	30	200	12	2	4	99	100	0	4	4	45	100	42	5	4	45	100	9	3	4	45	100	9	1	4	45	100	31	1	4	45	100	42	2	2	38	64	治療のプロフェッショナル	104
54	S級 医者	0	2	10	0	0	-1	0	6	0	14	2	54	194	12	2	20	21	16	2	20	21	15	2	20	21	102	1	7	5	3	3	2	12	4	13	4	35	200	155	12	4	35	200	6	5	4	55	100	235	8	4	35	200	38	4	4	40	150	9	3	4	35	200	18	3	4	35	200	18	3	4	99	100	0	4	4	55	100	54	6	4	55	100	11	4	4	55	100	11	2	4	55	100	40	2	4	55	100	54	3	2	39	40	治療のプロフェッショナル	104
55	D級 僧侶	0	1	11	0	20	10000	1	2	3	5	2	0	14	2	55	195	12	2	22	23	16	2	22	23	15	2	22	23	52	1	2	1	3	3	3	0	0	13	4	25	200	75	7	4	25	200	12	2	4	30	100	100	5	4	25	200	8	2	4	25	150	4	2	4	25	200	5	2	4	25	200	5	2	4	99	100	0	4	4	30	100	20	4	4	30	100	5	3	4	30	100	5	1	4	30	100	15	1	4	30	100	20	4	1	37	復活と寿命のプロフェッショナル	104
56	C級 僧侶	0	1	11	0	15	8000	1	2	3	5	3	0	14	2	56	196	12	2	22	23	16	2	22	23	15	2	22	23	52	1	3	2	3	3	3	2	1	13	4	25	200	90	7	4	25	200	14	2	4	35	100	125	5	4	25	200	12	2	4	30	150	5	2	4	25	200	6	2	4	25	200	6	2	4	99	100	0	4	4	35	100	26	4	4	35	100	6	3	4	35	100	6	1	4	35	100	19	1	4	35	100	26	4	1	37	復活と寿命のプロフェッショナル	104
57	B級 僧侶	0	1	11	0	10	6000	1	2	3	5	4	0	14	2	57	197	12	2	22	23	16	2	22	23	15	2	22	23	52	1	4	3	3	3	3	4	2	13	4	30	200	110	8	4	30	200	16	2	4	40	100	155	5	4	30	200	18	2	4	30	150	6	2	4	30	200	8	2	4	30	200	8	2	4	99	100	0	4	4	40	100	33	4	4	40	100	7	3	4	40	100	7	1	4	40	100	24	1	4	40	100	33	4	1	38	復活と寿命のプロフェッショナル	104
58	A級 僧侶	0	1	11	0	3	4000	1	2	3	5	5	0	14	2	58	198	12	2	22	23	16	2	22	23	15	2	22	23	52	1	5	4	3	3	3	8	3	13	4	30	200	135	10	4	30	200	20	3	4	45	100	190	6	4	30	200	26	3	4	35	150	7	2	4	30	200	12	2	4	30	200	12	2	4	99	100	0	4	4	45	100	42	4	4	45	100	9	3	4	45	100	9	1	4	45	100	31	1	4	45	100	42	4	2	38	64	復活と寿命のプロフェッショナル	104
59	S級 僧侶	0	1	11	0	0	-1	0	6	0	14	2	59	199	12	2	22	23	16	2	22	23	15	2	22	23	52	1	7	5	3	3	3	12	4	13	4	35	200	165	13	4	35	200	24	5	4	55	100	235	8	4	35	200	38	4	4	40	150	9	3	4	35	200	18	3	4	35	200	18	3	4	99	100	0	4	4	55	100	54	5	4	55	100	11	4	4	55	100	11	2	4	55	100	40	2	4	55	100	54	5	2	39	40	復活と寿命のプロフェッショナル	104
60	D級 酪農家	0	0	12	0	20	10000	1	2	3	6	2	0	14	2	60	200	12	2	24	25	16	2	24	25	15	2	24	25	107	1	2	1	4	4	2	0	0	13	4	25	200	70	6	4	25	200	5	2	4	30	100	100	5	4	25	200	8	2	4	25	150	4	2	4	25	200	5	2	4	25	200	5	2	4	99	100	0	4	4	30	100	10	2	4	30	100	25	2	4	30	100	20	4	4	30	100	15	4	4	30	100	20	3	1	52	家畜を見つけて牧場で育てたりできる	96
61	C級 酪農家	0	0	12	0	15	8000	1	2	3	6	3	0	14	2	61	201	12	2	24	25	16	2	24	25	15	2	24	25	107	1	3	2	4	4	2	2	1	13	4	25	200	85	6	4	25	200	6	2	4	35	100	125	5	4	25	200	12	2	4	30	150	5	2	4	25	200	6	2	4	25	200	6	2	4	99	100	0	4	4	35	100	13	2	4	35	100	32	2	4	35	100	26	4	4	35	100	19	4	4	35	100	26	3	1	52	家畜を見つけて牧場で育てたりできる	96
62	B級 酪農家	0	0	12	0	10	6000	1	2	3	6	4	0	14	2	62	202	12	2	24	25	16	2	24	25	15	2	24	25	107	1	4	3	4	4	2	4	2	13	4	30	200	105	7	4	30	200	6	2	4	40	100	155	5	4	30	200	18	2	4	30	150	6	2	4	30	200	8	2	4	30	200	8	2	4	99	100	0	4	4	40	100	16	2	4	40	100	41	2	4	40	100	33	4	4	40	100	24	4	4	40	100	33	3	1	52	家畜を見つけて牧場で育てたりできる	96
63	A級 酪農家	0	0	12	0	3	4000	1	2	3	6	5	0	14	2	63	203	12	2	24	25	16	2	24	25	15	2	24	25	107	1	5	4	4	4	2	8	3	13	4	30	200	130	9	4	30	200	6	3	4	45	100	190	6	4	30	200	26	3	4	35	150	7	2	4	30	200	12	2	4	30	200	12	2	4	99	100	0	4	4	45	100	20	2	4	45	100	53	2	4	45	100	42	4	4	45	100	31	4	4	45	100	42	3	2	52	64	家畜を見つけて牧場で育てたりできる	96
64	S級 酪農家	0	0	12	0	0	-1	0	6	0	14	2	64	204	12	2	24	25	16	2	24	25	15	2	24	25	107	1	7	5	4	4	2	12	4	13	4	35	200	160	12	4	35	200	6	5	4	55	100	235	8	4	35	200	38	4	4	40	150	9	3	4	35	200	18	3	4	35	200	18	3	4	99	100	0	4	4	55	100	26	3	4	55	100	68	3	4	55	100	54	5	4	55	100	40	5	4	55	100	54	4	2	52	61	家畜を見つけて牧場で育てたりできる	96
65	D級 衛兵	0	1	13	0	20	10000	1	2	3	7	2	1	14	2	70	210	12	2	28	29	16	2	28	29	15	2	28	29	72	177	2	1	7	5	2	0	0	13	4	30	100	90	7	4	25	200	5	2	4	25	200	50	4	4	30	100	10	2	4	30	100	8	2	4	30	100	24	2	4	30	100	20	2	4	99	100	0	5	4	25	200	3	2	4	25	200	3	2	4	25	200	6	2	4	25	200	5	2	4	25	200	5	2	1	27	街を守るのに適したﾊﾞﾗﾝｽ型兵士	101
66	C級 衛兵	0	1	13	0	15	8000	1	2	3	7	3	0	14	2	71	211	12	2	28	29	16	2	28	29	15	2	28	29	72	177	3	2	7	5	2	2	1	13	4	35	100	110	7	4	25	200	6	2	4	25	200	60	4	4	35	100	12	2	4	35	100	10	2	4	35	100	30	2	4	35	100	30	2	4	99	100	0	5	4	25	200	3	2	4	25	200	3	2	4	25	200	7	2	4	25	200	6	2	4	25	200	6	2	1	27	街を守るのに適したﾊﾞﾗﾝｽ型兵士	100
67	B級 衛兵	0	1	13	0	10	6000	1	2	3	7	4	0	14	2	72	212	12	2	28	29	16	2	28	29	15	2	28	29	72	177	4	3	7	5	2	5	2	13	4	40	100	135	8	4	30	200	6	2	4	30	200	75	4	4	40	100	14	2	4	40	100	13	2	4	40	100	36	2	4	40	100	44	2	4	99	100	0	5	4	30	200	3	2	4	30	200	3	2	4	30	200	9	2	4	30	200	7	2	4	30	200	7	2	1	27	街を守るのに適したﾊﾞﾗﾝｽ型兵士	100
68	A級 衛兵	0	1	13	0	3	4000	1	2	3	7	5	0	14	2	73	213	12	2	28	29	16	2	28	29	15	2	28	29	72	177	5	4	7	5	2	10	3	13	4	45	100	165	10	4	30	200	6	3	4	30	200	90	5	4	45	100	16	3	4	45	100	16	2	4	45	100	44	2	4	45	100	66	2	4	99	100	0	5	4	30	200	3	2	4	30	200	3	2	4	30	200	11	2	4	30	200	9	2	4	30	200	9	2	1	27	街を守るのに適したﾊﾞﾗﾝｽ型兵士	100
69	S級 衛兵	0	1	13	0	0	-1	0	6	0	14	2	74	214	12	2	28	29	16	2	28	29	15	2	28	29	72	177	7	5	7	5	2	15	4	13	4	55	100	205	13	4	35	200	6	5	4	35	200	110	7	4	55	100	20	4	4	55	100	20	3	4	55	100	54	3	4	55	100	98	3	4	99	100	0	5	4	35	200	3	3	4	35	200	3	3	4	35	200	14	3	4	35	200	11	3	4	35	200	11	3	2	27	28	街を守るのに適したﾊﾞﾗﾝｽ型兵士	100
70	D級 騎士	0	1	14	0	20	10000	1	2	3	1	2	0	14	2	75	215	12	2	30	31	16	2	30	31	15	2	30	31	112	177	2	1	5	5	2	0	0	13	4	30	100	95	7	4	25	200	5	2	4	25	200	50	4	4	30	100	15	2	4	30	100	6	2	4	30	100	20	2	4	30	100	25	2	4	99	100	0	5	4	25	200	4	2	4	25	200	2	2	4	25	200	4	2	4	25	200	5	2	4	25	200	5	2	1	33	攻めを重視した攻撃的な職業	100
71	C級 騎士	0	1	14	0	15	8000	1	2	3	1	3	0	14	2	76	216	12	2	30	31	16	2	30	31	15	2	30	31	112	177	3	2	5	5	2	2	1	13	4	35	100	115	7	4	25	200	6	2	4	25	200	60	4	4	35	100	18	2	4	35	100	7	2	4	35	100	24	2	4	35	100	36	2	4	99	100	0	5	4	25	200	5	2	4	25	200	2	2	4	25	200	5	2	4	25	200	6	2	4	25	200	6	2	1	33	攻めを重視した攻撃的な職業	100
72	B級 騎士	0	1	14	0	10	6000	1	2	3	1	4	0	14	2	77	217	12	2	30	31	16	2	30	31	15	2	30	31	112	177	4	3	5	5	2	5	2	13	4	40	100	140	8	4	30	200	6	2	4	30	200	75	4	4	40	100	22	2	4	40	100	9	2	4	40	100	30	2	4	40	100	54	2	4	99	100	0	5	4	30	200	6	2	4	30	200	2	2	4	30	200	6	2	4	30	200	7	2	4	30	200	7	2	1	33	攻めを重視した攻撃的な職業	100
73	A級 騎士	0	1	14	0	3	4000	1	2	3	1	5	0	14	2	78	218	12	2	30	31	16	2	30	31	15	2	30	31	112	177	5	4	5	5	2	10	3	13	4	45	100	175	10	4	30	200	6	3	4	30	200	90	5	4	45	100	26	3	4	45	100	11	2	4	45	100	36	2	4	45	100	80	2	4	99	100	0	5	4	30	200	7	2	4	30	200	2	2	4	30	200	7	2	4	30	200	9	2	4	30	200	9	2	1	33	攻めを重視した攻撃的な職業	100
74	S級 騎士	0	1	14	0	0	-1	0	6	0	14	2	79	219	12	2	30	31	16	2	30	31	15	2	30	31	112	177	7	5	5	5	2	15	4	13	4	55	100	215	13	4	35	200	6	5	4	35	200	110	7	4	55	100	32	4	4	55	100	14	3	4	55	100	44	3	4	55	100	120	3	4	99	100	0	5	4	35	200	9	3	4	35	200	2	3	4	35	200	9	3	4	35	200	11	3	4	35	200	11	3	2	33	30	攻めを重視した攻撃的な職業	100
75	D級 魔法使い	0	2	15	0	20	10000	1	2	3	2	2	0	14	2	80	220	12	2	32	33	16	2	32	33	15	2	32	33	22	1	2	1	6	3	3	0	0	13	4	30	100	70	6	4	30	100	25	2	4	25	200	50	4	4	25	200	6	2	4	25	200	5	2	4	30	100	18	2	4	30	100	15	2	4	99	100	0	5	4	30	100	17	3	4	25	200	15	4	4	25	200	1	2	4	25	200	4	2	4	25	200	5	2	1	5	魔法を使うのが得意な職業	116
76	C級 魔法使い	0	2	15	0	15	8000	1	2	3	2	3	0	14	2	81	221	12	2	32	33	16	2	32	33	15	2	32	33	22	1	3	2	6	3	3	2	1	13	4	35	100	85	6	4	35	100	30	2	4	25	200	60	4	4	25	200	6	2	4	25	200	6	2	4	35	100	22	2	4	35	100	22	2	4	99	100	0	5	4	35	100	22	3	4	25	200	19	4	4	25	200	1	2	4	25	200	5	2	4	25	200	6	2	1	5	魔法を使うのが得意な職業	116
77	B級 魔法使い	0	2	15	0	10	6000	1	2	3	2	4	0	14	2	82	222	12	2	32	33	16	2	32	33	15	2	32	33	22	1	4	3	6	3	3	5	2	13	4	40	100	105	7	4	40	100	36	2	4	30	200	75	4	4	30	200	6	2	4	30	200	7	2	4	40	100	26	2	4	40	100	32	2	4	99	100	0	5	4	40	100	28	3	4	30	200	24	4	4	30	200	1	2	4	30	200	6	2	4	30	200	7	2	1	5	魔法を使うのが得意な職業	100
78	A級 魔法使い	0	2	15	0	3	4000	1	2	3	2	5	0	14	2	83	223	12	2	32	33	16	2	32	33	15	2	32	33	22	1	5	4	6	3	3	10	3	13	4	45	100	130	9	4	45	100	44	3	4	30	200	90	5	4	30	200	6	3	4	30	200	9	2	4	45	100	32	2	4	45	100	48	2	4	99	100	0	5	4	45	100	36	3	4	30	200	31	4	4	30	200	1	2	4	30	200	7	2	4	30	200	9	2	1	6	魔法を使うのが得意な職業	100
79	S級 魔法使い	0	2	15	0	0	-1	0	6	0	14	2	84	224	12	2	32	33	16	2	32	33	15	2	32	33	22	1	7	5	6	3	3	15	4	13	4	55	100	160	12	4	55	100	54	5	4	35	200	110	7	4	35	200	6	4	4	35	200	11	3	4	55	100	40	3	4	55	100	72	3	4	99	100	0	5	4	55	100	46	4	4	35	200	40	5	4	35	200	1	3	4	35	200	9	3	4	35	200	11	3	1	7	魔法を使うのが得意な職業	100
80	D級 重騎士	0	1	16	0	20	10000	1	2	3	3	2	0	14	2	85	225	12	2	34	35	16	2	34	35	15	2	34	35	117	177	2	1	5	3	1	0	0	13	4	30	100	100	8	4	25	200	5	2	4	25	200	50	4	4	30	100	13	2	4	30	100	12	2	4	30	100	15	2	4	30	100	15	2	4	99	100	0	5	4	25	200	2	2	4	25	200	2	2	4	25	200	1	2	4	25	200	3	2	4	25	200	5	2	1	28	守りを重視した守備的な職業	116
81	C級 重騎士	0	1	16	0	15	8000	1	2	3	3	3	0	14	2	86	226	12	2	34	35	16	2	34	35	15	2	34	35	117	177	3	2	6	3	1	2	1	13	4	35	100	125	8	4	25	200	6	2	4	25	200	60	4	4	35	100	16	2	4	35	100	15	2	4	35	100	18	2	4	35	100	22	2	4	99	100	0	5	4	25	200	2	2	4	25	200	2	2	4	25	200	1	2	4	25	200	3	2	4	25	200	6	2	1	28	守りを重視した守備的な職業	116
82	B級 重騎士	0	1	16	0	10	6000	1	2	3	3	4	0	14	2	87	227	12	2	34	35	16	2	34	35	15	2	34	35	117	177	4	3	6	3	1	5	2	13	4	40	100	155	9	4	30	200	6	2	4	30	200	75	4	4	40	100	20	2	4	40	100	19	2	4	40	100	22	2	4	40	100	32	2	4	99	100	0	5	4	30	200	2	2	4	30	200	2	2	4	30	200	1	2	4	30	200	3	2	4	30	200	7	2	1	28	守りを重視した守備的な職業	100
83	A級 重騎士	0	1	16	0	3	4000	1	2	3	3	5	0	14	2	88	228	12	2	34	35	16	2	34	35	15	2	34	35	117	177	5	4	6	3	1	10	3	13	4	45	100	190	11	4	30	200	6	3	4	30	200	90	5	4	45	100	24	3	4	45	100	24	2	4	45	100	26	2	4	45	100	48	2	4	99	100	0	5	4	30	200	2	2	4	30	200	2	2	4	30	200	1	2	4	30	200	3	2	4	30	200	9	2	1	28	守りを重視した守備的な職業	100
84	S級 重騎士	0	1	16	0	0	-1	0	6	0	14	2	89	229	12	2	34	35	16	2	34	35	15	2	34	35	117	177	7	5	6	3	1	15	4	13	4	55	100	235	14	4	35	200	6	5	4	35	200	110	7	4	55	100	30	4	4	55	100	31	3	4	55	100	32	3	4	55	100	72	3	4	99	100	0	5	4	35	200	2	3	4	35	200	2	3	4	35	200	1	3	4	35	200	3	3	4	35	200	11	3	2	28	20	守りを重視した守備的な職業	100
85	D級 ガンナー	0	1	17	0	20	10000	1	2	3	4	2	0	14	2	90	230	12	2	36	37	16	2	36	37	15	2	36	37	157	1	2	1	9	5	2	0	0	13	4	30	100	75	7	4	30	100	5	2	4	25	200	50	4	4	30	100	10	2	4	25	200	5	2	4	30	100	18	2	4	30	100	20	2	4	99	100	0	5	4	25	200	9	2	4	25	200	4	2	4	25	200	4	2	4	25	200	6	2	4	25	200	5	2	1	22	銃の扱いに長けた職業	116
86	C級 ガンナー	0	1	17	0	15	8000	1	2	3	4	3	0	14	2	91	231	12	2	36	37	16	2	36	37	15	2	36	37	157	1	3	2	9	5	2	2	1	13	4	35	100	90	7	4	35	100	6	2	4	25	200	60	4	4	35	100	12	2	4	25	200	6	2	4	35	100	22	2	4	35	100	30	2	4	99	100	0	5	4	25	200	11	2	4	25	200	5	2	4	25	200	5	2	4	25	200	7	2	4	25	200	6	2	1	22	銃の扱いに長けた職業	116
87	B級 ガンナー	0	1	17	0	10	6000	1	2	3	4	4	0	14	2	92	232	12	2	36	37	16	2	36	37	15	2	36	37	157	1	4	3	9	5	2	5	2	13	4	40	100	110	8	4	40	100	6	2	4	30	200	75	4	4	40	100	14	2	4	30	200	7	2	4	40	100	26	2	4	40	100	44	2	4	99	100	0	5	4	30	200	14	2	4	30	200	6	2	4	30	200	6	2	4	30	200	9	2	4	30	200	7	2	1	22	銃の扱いに長けた職業	100
88	A級 ガンナー	0	1	17	0	3	4000	1	2	3	4	5	0	14	2	93	233	12	2	36	37	16	2	36	37	15	2	36	37	157	1	5	4	9	5	2	10	3	13	4	45	100	135	10	4	45	100	6	3	4	30	200	90	5	4	45	100	16	3	4	30	200	9	2	4	45	100	32	2	4	45	100	66	2	4	99	100	0	5	4	30	200	18	2	4	30	200	7	2	4	30	200	7	2	4	30	200	11	2	4	30	200	9	2	2	22	31	銃の扱いに長けた職業	100
89	S級 ガンナー	0	1	17	0	0	-1	0	6	0	14	2	94	234	12	2	36	37	16	2	36	37	15	2	36	37	157	1	7	5	9	5	2	15	4	13	4	55	100	165	13	4	55	100	6	5	4	35	200	110	7	4	55	100	20	4	4	35	200	11	3	4	55	100	40	3	4	55	100	98	3	4	99	100	0	5	4	35	200	23	3	4	35	200	9	3	4	35	200	9	3	4	35	200	14	3	4	35	200	11	3	2	23	31	銃の扱いに長けた職業	100
90	D級 弓矢使い	0	1	18	0	20	10000	1	2	3	5	2	0	14	2	95	235	12	2	38	39	16	2	38	39	15	2	38	39	162	1	2	1	8	5	2	0	0	13	4	30	100	80	7	4	30	100	5	2	4	25	200	50	4	4	30	100	9	2	4	25	200	5	2	4	30	100	20	2	4	30	100	20	2	4	99	100	0	5	4	25	200	7	2	4	25	200	5	2	4	25	200	5	2	4	25	200	8	2	4	25	200	5	2	1	4	弓の扱いに長けた職業	84
91	C級 弓矢使い	0	1	18	0	15	8000	1	2	3	5	3	0	14	2	96	236	12	2	38	39	16	2	38	39	15	2	38	39	162	1	3	2	8	5	2	2	1	13	4	35	100	100	7	4	35	100	6	2	4	25	200	60	4	4	35	100	10	2	4	25	200	6	2	4	35	100	24	2	4	35	100	30	2	4	99	100	0	5	4	25	200	9	2	4	25	200	6	2	4	25	200	6	2	4	25	200	10	2	4	25	200	6	2	1	4	弓の扱いに長けた職業	84
92	B級 弓矢使い	0	1	18	0	10	6000	1	2	3	5	4	0	14	2	97	237	12	2	38	39	16	2	38	39	15	2	38	39	162	1	4	3	8	5	2	5	2	13	4	40	100	125	8	4	40	100	6	2	4	30	200	75	4	4	40	100	12	2	4	30	200	7	2	4	40	100	30	2	4	40	100	44	2	4	99	100	0	5	4	30	200	11	2	4	30	200	7	2	4	30	200	7	2	4	30	200	13	2	4	30	200	7	2	1	4	弓の扱いに長けた職業	68
93	A級 弓矢使い	0	1	18	0	3	4000	1	2	3	5	5	0	14	2	98	238	12	2	38	39	16	2	38	39	15	2	38	39	162	1	5	4	8	5	2	10	3	13	4	45	100	155	10	4	45	100	6	3	4	30	200	90	5	4	45	100	14	3	4	30	200	9	2	4	45	100	36	2	4	45	100	66	2	4	99	100	0	5	4	30	200	14	2	4	30	200	9	2	4	30	200	9	2	4	30	200	16	2	4	30	200	9	2	1	4	弓の扱いに長けた職業	68
94	S級 弓矢使い	0	1	18	0	0	-1	0	6	0	14	2	99	239	12	2	38	39	16	2	38	39	15	2	38	39	162	1	7	5	8	5	2	15	4	13	4	55	100	190	13	4	55	100	6	5	4	35	200	110	7	4	55	100	16	4	4	35	200	11	3	4	55	100	44	3	4	55	100	98	3	4	99	100	0	5	4	35	200	18	3	4	35	200	11	3	4	35	200	11	3	4	35	200	20	3	4	35	200	11	3	2	4	36	弓の扱いに長けた職業	68
95	D級 忍者	0	1	19	0	20	10000	1	2	3	6	2	0	14	2	100	240	12	2	40	41	16	2	40	41	15	2	40	41	122	1	2	1	8	7	3	0	0	13	4	30	100	90	7	4	30	100	20	2	4	25	200	50	4	4	30	100	15	2	4	25	200	5	2	4	30	100	40	2	4	30	100	30	2	4	99	100	0	5	4	25	200	12	2	4	25	200	6	2	4	25	200	8	2	4	25	200	30	2	4	25	200	5	2	1	22	スピードに長けた職業	84
96	C級 忍者	0	1	19	0	15	8000	1	2	3	6	3	0	14	2	101	241	12	2	40	41	16	2	40	41	15	2	40	41	122	1	3	2	8	7	3	2	1	13	4	35	100	110	7	4	35	100	24	2	4	25	200	60	4	4	35	100	18	2	4	25	200	6	2	4	35	100	50	2	4	35	100	44	2	4	99	100	0	5	4	25	200	15	2	4	25	200	7	2	4	25	200	10	2	4	25	200	39	2	4	25	200	6	2	1	22	スピードに長けた職業	84
97	B級 忍者	0	1	19	0	10	6000	1	2	3	6	4	0	14	2	102	242	12	2	40	41	16	2	40	41	15	2	40	41	122	1	4	3	8	7	3	5	2	13	4	40	100	135	8	4	40	100	30	2	4	30	200	75	4	4	40	100	22	2	4	30	200	7	2	4	40	100	62	2	4	40	100	66	2	4	99	100	0	5	4	30	200	19	2	4	30	200	9	2	4	30	200	13	2	4	30	200	50	2	4	30	200	7	2	1	22	スピードに長けた職業	68
98	A級 忍者	0	1	19	0	3	4000	1	2	3	6	5	0	14	2	103	243	12	2	40	41	16	2	40	41	15	2	40	41	122	1	5	4	8	7	3	10	3	13	4	45	100	165	10	4	45	100	36	3	4	30	200	90	5	4	45	100	26	3	4	30	200	9	2	4	45	100	76	2	4	45	100	98	2	4	99	100	0	5	4	30	200	24	2	4	30	200	11	2	4	30	200	16	2	4	30	200	65	2	4	30	200	9	2	2	22	44	スピードに長けた職業	68
99	S級 忍者	0	1	19	0	0	-1	0	6	0	14	2	104	244	12	2	40	41	16	2	40	41	15	2	40	41	122	1	7	5	8	7	3	15	4	13	4	55	100	205	13	4	55	100	44	5	4	35	200	110	7	4	55	100	32	4	4	35	200	11	3	4	55	100	94	3	4	55	100	146	3	4	99	100	0	5	4	35	200	31	3	4	35	200	14	3	4	35	200	20	3	4	35	200	84	3	4	35	200	11	3	3	23	29	44	スピードに長けた職業	68
100	D級 侍	0	1	20	0	20	10000	1	2	3	7	2	0	14	2	105	245	12	2	42	43	16	2	42	43	15	2	42	43	127	1	2	1	5	4	4	0	0	13	4	30	100	95	7	4	25	200	5	2	4	25	200	50	4	4	30	100	18	2	4	25	200	3	2	4	30	100	26	2	4	30	100	35	2	4	99	100	0	5	4	25	200	4	2	4	25	200	4	2	4	25	200	2	2	4	25	200	8	2	4	25	200	5	2	1	31	直線的な攻撃に長けた職業	84
101	C級 侍	0	1	20	0	15	8000	1	2	3	7	3	0	14	2	106	246	12	2	42	43	16	2	42	43	15	2	42	43	127	1	3	2	5	4	4	2	1	13	4	35	100	115	7	4	25	200	6	2	4	25	200	60	4	4	35	100	22	2	4	25	200	3	2	4	35	100	32	2	4	35	100	52	2	4	99	100	0	5	4	25	200	5	2	4	25	200	5	2	4	25	200	2	2	4	25	200	10	2	4	25	200	6	2	1	31	直線的な攻撃に長けた職業	84
102	B級 侍	0	1	20	0	10	6000	1	2	3	7	4	0	14	2	107	247	12	2	42	43	16	2	42	43	15	2	42	43	127	1	4	3	5	4	4	5	2	13	4	40	100	140	8	4	30	200	6	2	4	30	200	75	4	4	40	100	26	2	4	30	200	3	2	4	40	100	40	2	4	40	100	78	2	4	99	100	0	5	4	30	200	6	2	4	30	200	6	2	4	30	200	2	2	4	30	200	13	2	4	30	200	7	2	1	31	直線的な攻撃に長けた職業	68
103	A級 侍	0	1	20	0	3	4000	1	2	3	7	5	0	14	2	108	248	12	2	42	43	16	2	42	43	15	2	42	43	127	1	5	4	5	4	4	10	3	13	4	45	100	175	10	4	30	200	6	3	4	30	200	90	5	4	45	100	32	3	4	30	200	3	2	4	45	100	50	2	4	45	100	116	2	4	99	100	0	5	4	30	200	7	2	4	30	200	7	2	4	30	200	2	2	4	30	200	16	2	4	30	200	9	2	1	31	直線的な攻撃に長けた職業	68
104	S級 侍	0	1	20	0	0	-1	0	6	0	14	2	109	249	12	2	42	43	16	2	42	43	15	2	42	43	127	1	7	5	5	4	4	15	4	13	4	55	100	215	13	4	35	200	6	5	4	35	200	110	7	4	55	100	40	4	4	35	200	3	3	4	55	100	62	3	4	55	100	174	3	4	99	100	0	5	4	35	200	9	3	4	35	200	9	3	4	35	200	2	3	4	35	200	20	3	4	35	200	11	3	2	32	30	直線的な攻撃に長けた職業	68
105	D級 ﾊﾞｲｷﾝｸﾞ	0	1	21	0	20	10000	1	2	3	1	2	0	14	2	110	250	12	2	44	45	16	2	44	45	15	2	44	45	167	1	2	1	7	5	3	0	0	13	4	30	100	110	8	4	25	200	5	2	4	25	200	50	4	4	30	100	17	2	4	25	200	6	2	4	30	100	18	2	4	30	100	35	2	4	99	100	0	5	4	25	200	2	2	4	25	200	2	2	4	25	200	10	2	4	25	200	10	2	4	25	200	5	2	1	26	カウンターを繰り出す職業	84
106	C級 ﾊﾞｲｷﾝｸﾞ	0	1	21	0	15	8000	1	2	3	1	3	0	14	2	111	251	12	2	44	45	16	2	44	45	15	2	44	45	167	1	3	2	7	5	3	2	1	13	4	35	100	135	8	4	25	200	6	2	4	25	200	60	4	4	35	100	20	2	4	25	200	7	2	4	35	100	22	2	4	35	100	52	2	4	99	100	0	5	4	25	200	2	2	4	25	200	2	2	4	25	200	13	2	4	25	200	13	2	4	25	200	6	2	1	26	カウンターを繰り出す職業	84
107	B級 ﾊﾞｲｷﾝｸﾞ	0	1	21	0	10	6000	1	2	3	1	4	0	14	2	112	252	12	2	44	45	16	2	44	45	15	2	44	45	167	1	4	3	7	5	3	5	2	13	4	40	100	165	9	4	30	200	6	2	4	30	200	75	4	4	40	100	24	2	4	30	200	9	2	4	40	100	26	2	4	40	100	78	2	4	99	100	0	5	4	30	200	2	2	4	30	200	2	2	4	30	200	16	2	4	30	200	16	2	4	30	200	7	2	1	26	カウンターを繰り出す職業	68
108	A級 ﾊﾞｲｷﾝｸﾞ	0	1	21	0	3	4000	1	2	3	1	5	0	14	2	113	253	12	2	44	45	16	2	44	45	15	2	44	45	167	1	5	4	7	5	3	10	3	13	4	45	100	205	11	4	30	200	6	3	4	30	200	90	5	4	45	100	30	3	4	30	200	11	2	4	45	100	32	2	4	45	100	116	2	4	99	100	0	5	4	30	200	2	2	4	30	200	2	2	4	30	200	20	2	4	30	200	20	2	4	30	200	9	2	1	26	カウンターを繰り出す職業	68
109	S級 ﾊﾞｲｷﾝｸﾞ	0	1	21	0	0	-1	0	6	0	14	2	114	254	12	2	44	45	16	2	44	45	15	2	44	45	167	1	7	5	7	5	3	15	4	13	4	55	100	255	14	4	35	200	6	5	4	35	200	110	7	4	55	100	36	4	4	35	200	14	3	4	55	100	40	3	4	55	100	174	3	4	99	100	0	5	4	35	200	2	3	4	35	200	2	3	4	35	200	26	3	4	35	200	26	3	4	35	200	11	3	2	26	30	カウンターを繰り出す職業	68
110	D級 海賊	0	1	22	0	20	10000	1	2	3	7	2	0	14	2	115	255	12	2	46	47	16	2	46	47	15	2	46	47	132	1	2	1	7	5	4	0	0	13	4	30	100	100	8	4	25	200	5	2	4	25	200	50	4	4	30	100	16	2	4	25	200	5	2	4	30	100	20	2	4	30	100	25	2	4	99	100	0	5	4	25	200	7	2	4	25	200	3	2	4	25	200	5	2	4	25	200	6	2	4	25	200	5	2	1	33	範囲攻撃を繰り出す職業	84
111	C級 海賊	0	1	22	0	15	8000	1	2	3	7	3	0	14	2	116	256	12	2	46	47	16	2	46	47	15	2	46	47	132	1	3	2	7	5	4	2	1	13	4	35	100	125	8	4	25	200	6	2	4	25	200	60	4	4	35	100	20	2	4	25	200	6	2	4	35	100	24	2	4	35	100	36	2	4	99	100	0	5	4	25	200	9	2	4	25	200	3	2	4	25	200	6	2	4	25	200	7	2	4	25	200	6	2	1	33	範囲攻撃を繰り出す職業	84
112	B級 海賊	0	1	22	0	10	6000	1	2	3	7	4	0	14	2	117	257	12	2	46	47	16	2	46	47	15	2	46	47	132	1	4	3	7	5	4	5	2	13	4	40	100	155	9	4	30	200	6	2	4	30	200	75	4	4	40	100	24	2	4	30	200	7	2	4	40	100	30	2	4	40	100	54	2	4	99	100	0	5	4	30	200	11	2	4	30	200	3	2	4	30	200	7	2	4	30	200	9	2	4	30	200	7	2	1	33	範囲攻撃を繰り出す職業	68
113	A級 海賊	0	1	22	0	3	4000	1	2	3	7	5	0	14	2	118	258	12	2	46	47	16	2	46	47	15	2	46	47	132	1	5	4	7	5	4	10	3	13	4	45	100	190	11	4	30	200	6	3	4	30	200	90	5	4	45	100	30	3	4	30	200	9	2	4	45	100	36	2	4	45	100	80	2	4	99	100	0	5	4	30	200	14	2	4	30	200	3	2	4	30	200	9	2	4	30	200	11	2	4	30	200	9	2	2	33	44	範囲攻撃を繰り出す職業	68
114	S級 海賊	0	1	22	0	0	-1	0	6	0	14	2	119	259	12	2	46	47	16	2	46	47	15	2	46	47	132	1	7	5	7	5	4	15	4	13	4	55	100	235	14	4	35	200	6	5	4	35	200	110	7	4	55	100	36	4	4	35	200	11	3	4	55	100	44	3	4	55	100	120	3	4	99	100	0	5	4	35	200	18	3	4	35	200	3	3	4	35	200	11	3	4	35	200	14	3	4	35	200	11	3	3	34	10	44	範囲攻撃を繰り出す職業	68
115	D級 勇者	0	1	23	0	20	10000	1	2	3	1	2	0	14	2	120	260	12	2	48	49	16	2	48	49	15	2	48	49	137	1	2	1	7	7	2	0	0	13	4	30	100	120	9	4	30	100	20	2	4	25	200	50	4	4	30	100	17	2	4	30	100	9	2	4	30	100	25	2	4	30	100	40	2	4	99	100	0	5	4	25	200	10	2	4	25	200	2	2	4	25	200	3	2	4	25	200	5	2	4	25	200	5	2	1	15	魔法も使える万能型	84
116	C級 勇者	0	1	23	0	15	8000	1	2	3	1	3	0	14	2	121	261	12	2	48	49	16	2	48	49	15	2	48	49	137	1	3	2	7	7	2	2	1	13	4	35	100	150	9	4	35	100	24	2	4	25	200	60	4	4	35	100	20	2	4	35	100	11	2	4	35	100	30	2	4	35	100	60	2	4	99	100	0	5	4	25	200	13	2	4	25	200	2	2	4	25	200	3	2	4	25	200	6	2	4	25	200	6	2	1	15	魔法も使える万能型	84
117	B級 勇者	0	1	23	0	10	6000	1	2	3	1	4	0	14	2	122	262	12	2	48	49	16	2	48	49	15	2	48	49	137	1	4	3	7	7	2	5	2	13	4	40	100	185	10	4	40	100	30	2	4	30	200	75	4	4	40	100	24	2	4	40	100	14	2	4	40	100	36	2	4	40	100	90	2	4	99	100	0	5	4	30	200	16	2	4	30	200	2	2	4	30	200	3	2	4	30	200	7	2	4	30	200	7	2	1	15	魔法も使える万能型	68
118	A級 勇者	0	1	23	0	3	4000	1	2	3	1	5	0	14	2	123	263	12	2	48	49	16	2	48	49	15	2	48	49	137	1	5	4	7	7	2	10	3	13	4	45	100	230	12	4	45	100	36	3	4	30	200	90	5	4	45	100	30	3	4	45	100	18	2	4	45	100	44	2	4	45	100	134	2	4	99	100	0	5	4	30	200	20	2	4	30	200	2	2	4	30	200	3	2	4	30	200	9	2	4	30	200	9	2	2	16	22	魔法も使える万能型	68
119	S級 勇者	0	1	23	0	0	-1	0	6	0	14	2	124	264	12	2	48	49	16	2	48	49	15	2	48	49	137	1	7	5	7	7	2	15	4	13	4	55	100	285	15	4	55	100	44	5	4	35	200	110	7	4	55	100	36	4	4	55	100	23	3	4	55	100	54	3	4	55	100	200	3	4	99	100	0	5	4	35	200	26	3	4	35	200	2	3	4	35	200	3	3	4	35	200	11	3	4	35	200	11	3	2	17	22	魔法も使える万能型	68
120	D級 ｳｨｻﾞｰﾄﾞ	0	1	24	0	20	10000	1	2	3	1	2	0	14	2	125	265	12	2	50	51	16	2	50	51	15	2	50	51	27	1	2	1	7	5	4	0	0	13	4	30	100	80	7	4	30	100	20	2	4	25	200	50	4	4	25	200	7	2	4	25	200	4	2	4	30	100	15	2	4	30	100	10	2	4	99	100	0	5	4	30	100	22	4	4	25	200	18	3	4	25	200	3	2	4	25	200	7	2	4	25	200	5	2	1	10	強力な魔法を扱える職業	84
121	C級 ｳｨｻﾞｰﾄﾞ	0	1	24	0	15	8000	1	2	3	1	3	0	14	2	126	266	12	2	50	51	16	2	50	51	15	2	50	51	27	1	3	2	7	5	4	2	1	13	4	35	100	100	7	4	35	100	24	2	4	25	200	60	4	4	25	200	8	2	4	25	200	5	2	4	35	100	18	2	4	35	100	14	2	4	99	100	0	5	4	35	100	28	4	4	25	200	23	3	4	25	200	3	2	4	25	200	9	2	4	25	200	6	2	1	10	強力な魔法を扱える職業	84
122	B級 ｳｨｻﾞｰﾄﾞ	0	1	24	0	10	6000	1	2	3	1	4	0	14	2	127	267	12	2	50	51	16	2	50	51	15	2	50	51	27	1	4	3	7	5	4	5	2	13	4	40	100	125	8	4	40	100	30	2	4	30	200	75	4	4	30	200	10	2	4	30	200	6	2	4	40	100	22	2	4	40	100	20	2	4	99	100	0	5	4	40	100	36	4	4	30	200	29	3	4	30	200	3	2	4	30	200	11	2	4	30	200	7	2	1	10	強力な魔法を扱える職業	68
123	A級 ｳｨｻﾞｰﾄﾞ	0	1	24	0	3	4000	1	2	3	1	5	0	14	2	128	268	12	2	50	51	16	2	50	51	15	2	50	51	27	1	5	4	7	5	4	10	3	13	4	45	100	155	10	4	45	100	36	3	4	30	200	90	5	4	30	200	12	3	4	30	200	7	2	4	45	100	26	2	4	45	100	30	2	4	99	100	0	5	4	45	100	46	4	4	30	200	37	3	4	30	200	3	2	4	30	200	14	2	4	30	200	9	2	1	11	強力な魔法を扱える職業	68
124	S級 ｳｨｻﾞｰﾄﾞ	0	1	24	0	0	-1	0	6	0	14	2	129	269	12	2	50	51	16	2	50	51	15	2	50	51	27	1	7	5	7	5	4	15	4	13	4	55	100	190	13	4	55	100	44	5	4	35	200	110	7	4	35	200	14	4	4	35	200	9	3	4	55	100	32	3	4	55	100	44	3	4	99	100	0	5	4	55	100	59	5	4	35	200	48	4	4	35	200	3	3	4	35	200	18	3	4	35	200	11	3	2	12	20	強力な魔法を扱える職業	68
125	敵キャラ2	1	1	-1	0	0	-1	0	0	0	14	2	65	205	12	2	26	27	16	2	26	27	15	2	26	27	57	1	1	1	5	5	1	0	0	13	4	20	300	290	10	4	25	100	20	2	4	20	200	100	4	4	25	100	15	2	4	20	200	5	2	4	25	100	20	2	4	25	100	20	2	4	99	100	1000	5	4	20	200	20	2	4	20	200	20	2	4	20	200	3	2	4	20	200	5	1	4	20	200	20	1	0	未使用	1024
126	敵キャラ3	1	1	-1	0	0	-1	0	0	0	14	2	130	270	12	2	52	53	16	2	52	53	15	2	52	53	142	177	1	1	5	5	1	0	0	13	4	25	100	550	15	4	25	100	20	2	4	20	200	100	4	4	25	100	15	2	4	20	200	5	2	4	25	100	20	2	4	25	100	20	2	4	99	100	1000	5	4	20	200	20	2	4	20	200	20	2	4	20	200	3	2	4	20	200	5	1	4	20	200	20	1	0	未使用	1024
127	敵キャラ4	1	1	-1	0	0	-1	0	0	0	14	2	135	275	12	2	54	55	16	2	54	55	15	2	54	55	77	177	1	1	5	5	1	0	0	13	4	25	100	570	15	4	25	100	20	2	4	20	200	100	4	4	25	100	15	2	4	20	200	5	2	4	25	100	20	2	4	25	100	20	2	4	99	100	1000	5	4	20	200	20	2	4	20	200	20	2	4	20	200	3	2	4	20	200	5	1	4	20	200	20	1	0	未使用	1024
128	観光客	3	0	-1	0	0	-1	0	0	0	14	2	280	280	12	2	56	56	16	2	56	56	15	2	56	56	0	1	1	1	5	5	1	0	0	13	4	25	100	50	5	4	25	100	20	2	4	20	200	100	4	4	25	100	15	2	4	20	200	5	2	4	25	100	20	2	4	25	100	20	2	4	99	100	1000	5	4	20	200	20	2	4	20	200	20	2	4	20	200	3	2	4	20	200	5	1	4	20	200	20	1	0	未使用	1024
129	観光客	3	0	-1	0	0	-1	0	6	0	14	2	281	281	12	2	56	56	16	2	56	56	15	2	56	56	0	1	1	1	5	5	1	0	0	13	4	25	100	50	5	4	25	100	20	2	4	20	200	100	4	4	25	100	15	2	4	20	200	5	2	4	25	100	20	2	4	25	100	20	2	4	99	100	1000	5	4	20	200	20	2	4	20	200	20	2	4	20	200	3	2	4	20	200	5	1	4	20	200	20	1	0	未使用	1024
130	観光客	3	0	-1	0	0	-1	0	4	0	14	2	282	282	12	2	56	56	16	2	56	56	15	2	56	56	0	1	1	1	5	5	1	0	0	13	4	25	100	50	5	4	25	100	20	2	4	20	200	100	4	4	25	100	15	2	4	20	200	5	2	4	25	100	20	2	4	25	100	20	2	4	99	100	1000	5	4	20	200	20	2	4	20	200	20	2	4	20	200	3	2	4	20	200	5	1	4	20	200	20	1	0	未使用	1024
131	観光客	3	0	-1	0	0	-1	0	2	0	14	2	283	283	12	2	56	56	16	2	56	56	15	2	56	56	0	1	1	1	5	5	1	0	0	13	4	25	100	50	5	4	25	100	20	2	4	20	200	100	4	4	25	100	15	2	4	20	200	5	2	4	25	100	20	2	4	25	100	20	2	4	99	100	1000	5	4	20	200	20	2	4	20	200	20	2	4	20	200	3	2	4	20	200	5	1	4	20	200	20	1	0	未使用	1024
132	F級 老師	0	0	25	0	0	-1	0	0	0	14	2	284	285	12	2	57	58	16	2	57	58	15	2	57	58	0	1	1	1	2	1	1	10	10	13	4	20	200	55	5	4	20	200	5	2	4	25	100	100	4	4	20	200	8	2	4	20	150	4	2	4	20	200	5	2	4	20	200	5	2	4	99	100	0	4	4	25	100	5	2	4	25	100	15	4	4	25	100	10	3	4	25	100	15	3	4	25	100	20	3	0	全職の覚醒に役立つ老師	164
133	S級 ｻﾝﾀさん	0	1	26	0	0	-1	0	6	0	14	2	286	287	12	2	59	60	16	2	59	60	15	2	59	60	27	1	9	5	4	6	2	20	6	13	4	300	100	250	12	4	300	100	50	4	4	300	200	200	5	4	300	100	27	3	4	300	100	20	3	4	300	100	35	3	4	300	100	150	3	4	99	100	0	5	4	250	150	40	3	4	250	150	25	4	4	250	150	10	3	4	250	150	30	4	4	250	150	15	4	2	21	61	年末に訪れる伝説のつわもの	68
134	観光客	3	0	-1	0	0	-1	0	6	0	14	2	288	288	12	2	56	56	16	2	56	56	15	2	56	56	0	1	1	1	5	5	1	0	0	13	4	25	100	50	5	4	25	100	20	2	4	20	200	100	4	4	25	100	15	2	4	20	200	5	2	4	25	100	20	2	4	25	100	20	2	4	99	100	1000	5	4	20	200	20	2	4	20	200	20	2	4	20	200	3	2	4	20	200	5	1	4	20	200	20	1	0	未使用	1792
135	観光客	3	0	-1	0	0	-1	0	6	0	14	2	289	289	12	2	56	56	16	2	56	56	15	2	56	56	0	1	1	1	5	5	1	0	0	13	4	25	100	50	5	4	25	100	20	2	4	20	200	100	4	4	25	100	15	2	4	20	200	5	2	4	25	100	20	2	4	25	100	20	2	4	99	100	1000	5	4	20	200	20	2	4	20	200	20	2	4	20	200	3	2	4	20	200	5	1	4	20	200	20	1	0	未使用	1792
136	D級 遊撃兵	0	1	27	0	20	15000	1	2	3	2	2	0	14	2	65	205	12	2	26	27	16	2	26	27	15	2	26	27	72	1	2	1	7	5	2	0	0	13	4	30	100	95	7	4	30	100	15	2	4	25	200	80	5	4	30	100	15	2	4	25	200	5	2	4	30	100	42	2	4	30	100	35	2	4	99	100	0	5	4	25	200	10	2	4	25	200	6	2	4	25	200	8	2	4	25	200	30	2	4	25	200	5	2	1	124	自由に外を探索する兵士	1028
137	C級 遊撃兵	0	1	27	0	15	12000	1	2	3	2	3	0	14	2	66	206	12	2	26	27	16	2	26	27	15	2	26	27	72	1	3	2	7	5	2	2	1	13	4	35	100	115	7	4	35	100	18	2	4	25	200	100	5	4	35	100	18	2	4	25	200	6	2	4	35	100	52	2	4	35	100	52	2	4	99	100	0	5	4	25	200	13	2	4	25	200	7	2	4	25	200	10	2	4	25	200	39	2	4	25	200	6	2	1	124	自由に外を探索する兵士	1028
138	B級 遊撃兵	0	1	27	0	10	9000	1	2	3	2	4	0	14	2	67	207	12	2	26	27	16	2	26	27	15	2	26	27	72	1	4	3	7	5	2	5	2	13	4	40	100	140	8	4	40	100	22	2	4	30	200	125	5	4	40	100	22	2	4	30	200	7	2	4	40	100	64	2	4	40	100	78	2	4	99	100	0	5	4	30	200	16	2	4	30	200	9	2	4	30	200	13	2	4	30	200	50	2	4	30	200	7	2	1	125	自由に外を探索する兵士	1028
139	A級 遊撃兵	0	1	27	0	3	6000	1	2	3	2	5	0	14	2	68	208	12	2	26	27	16	2	26	27	15	2	26	27	72	1	5	4	7	5	2	10	3	13	4	45	100	175	10	4	45	100	26	3	4	30	200	155	6	4	45	100	26	3	4	30	200	9	2	4	45	100	80	2	4	45	100	116	2	4	99	100	0	5	4	30	200	20	2	4	30	200	11	2	4	30	200	16	2	4	30	200	65	2	4	30	200	9	2	2	125	64	自由に外を探索する兵士	1028
140	S級 遊撃兵	0	1	27	0	0	-1	0	6	0	14	2	69	209	12	2	26	27	16	2	26	27	15	2	26	27	72	1	7	5	7	5	2	15	4	13	4	55	100	215	13	4	55	100	32	5	4	35	200	190	8	4	55	100	32	4	4	35	200	11	3	4	55	100	100	3	4	55	100	174	3	4	99	100	0	5	4	35	200	26	3	4	35	200	14	3	4	35	200	20	3	4	35	200	84	3	4	35	200	11	3	3	126	64	28	自由に外を探索する兵士	1028
141	D級 魔剣士	0	1	28	0	20	15000	1	2	3	3	2	0	14	2	130	270	12	2	52	53	16	2	52	53	15	2	52	53	117	177	2	1	7	7	2	0	0	13	4	30	100	111	8	4	25	200	23	2	4	25	200	55	4	4	30	100	18	2	4	25	200	9	2	4	30	100	38	2	4	30	100	20	2	4	99	100	0	5	4	25	200	20	2	4	25	200	3	2	4	25	200	5	2	4	25	200	6	2	4	25	200	5	2	2	117	5	魔法と攻撃両面で活躍する職業	1028
142	C級 魔剣士	0	1	28	0	15	12000	1	2	3	3	3	0	14	2	131	271	12	2	52	53	16	2	52	53	15	2	52	53	117	177	3	2	7	7	2	2	1	13	4	35	100	135	8	4	25	200	28	2	4	25	200	65	4	4	35	100	22	2	4	25	200	11	2	4	35	100	46	2	4	35	100	30	2	4	99	100	0	5	4	25	200	26	2	4	25	200	3	2	4	25	200	6	2	4	25	200	7	2	4	25	200	6	2	2	117	5	魔法と攻撃両面で活躍する職業	1028
143	B級 魔剣士	0	1	28	0	10	9000	1	2	3	3	4	0	14	2	132	272	12	2	52	53	16	2	52	53	15	2	52	53	117	177	4	3	7	7	2	5	2	13	4	40	100	165	9	4	30	200	34	2	4	30	200	80	4	4	40	100	26	2	4	30	200	14	2	4	40	100	56	2	4	40	100	44	2	4	99	100	0	5	4	30	200	33	2	4	30	200	3	2	4	30	200	7	2	4	30	200	9	2	4	30	200	7	2	2	118	5	魔法と攻撃両面で活躍する職業	1028
144	A級 魔剣士	0	1	28	0	3	6000	1	2	3	3	5	0	14	2	133	273	12	2	52	53	16	2	52	53	15	2	52	53	117	177	5	4	7	7	2	10	3	13	4	45	100	205	11	4	30	200	42	3	4	30	200	100	5	4	45	100	32	3	4	30	200	18	2	4	45	100	70	2	4	45	100	66	2	4	99	100	0	5	4	30	200	42	2	4	30	200	3	2	4	30	200	9	2	4	30	200	11	2	4	30	200	9	2	2	118	6	魔法と攻撃両面で活躍する職業	1028
145	S級 魔剣士	0	1	28	0	0	-1	0	6	0	14	2	134	274	12	2	52	53	16	2	52	53	15	2	52	53	117	177	7	5	7	7	2	15	4	13	4	55	100	255	14	4	35	200	52	5	4	35	200	125	7	4	55	100	40	4	4	35	200	23	3	4	55	100	86	3	4	55	100	98	3	4	99	100	0	5	4	35	200	54	3	4	35	200	3	3	4	35	200	11	3	4	35	200	14	3	4	35	200	11	3	3	119	7	20	魔法と攻撃両面で活躍する職業	1028
146	D級 狂戦士	0	1	29	0	20	15000	1	2	3	4	2	0	14	2	135	275	12	2	54	55	16	2	54	55	15	2	54	55	117	177	2	1	5	3	1	0	0	13	4	30	100	125	9	4	25	200	10	2	4	25	200	65	4	4	30	100	22	2	4	25	200	5	2	4	30	100	20	2	4	30	100	5	2	4	99	100	0	5	4	25	200	4	2	4	25	200	4	2	4	25	200	2	2	4	25	200	8	2	4	25	200	5	2	1	113	防御を破壊して戦う職業	1028
147	C級 狂戦士	0	1	29	0	15	12000	1	2	3	4	3	0	14	2	136	276	12	2	54	55	16	2	54	55	15	2	54	55	117	177	3	2	6	3	1	2	1	13	4	35	100	155	9	4	25	200	12	2	4	25	200	80	4	4	35	100	26	2	4	25	200	6	2	4	35	100	24	2	4	35	100	6	2	4	99	100	0	5	4	25	200	5	2	4	25	200	5	2	4	25	200	2	2	4	25	200	10	2	4	25	200	6	2	1	113	防御を破壊して戦う職業	1028
148	B級 狂戦士	0	1	29	0	10	9000	1	2	3	4	4	0	14	2	137	277	12	2	54	55	16	2	54	55	15	2	54	55	117	177	4	3	6	3	1	5	2	13	4	40	100	190	10	4	30	200	14	2	4	30	200	100	4	4	40	100	32	2	4	30	200	7	2	4	40	100	30	2	4	40	100	8	2	4	99	100	0	5	4	30	200	6	2	4	30	200	6	2	4	30	200	2	2	4	30	200	13	2	4	30	200	7	2	1	114	防御を破壊して戦う職業	1028
149	A級 狂戦士	0	1	29	0	3	6000	1	2	3	4	5	0	14	2	138	278	12	2	54	55	16	2	54	55	15	2	54	55	117	177	5	4	6	3	1	10	3	13	4	45	100	235	12	4	30	200	16	3	4	30	200	125	5	4	45	100	40	3	4	30	200	9	2	4	45	100	36	2	4	45	100	12	2	4	99	100	0	5	4	30	200	7	2	4	30	200	7	2	4	30	200	2	2	4	30	200	16	2	4	30	200	9	2	1	115	防御を破壊して戦う職業	1028
150	S級 狂戦士	0	1	29	0	0	-1	0	6	0	14	2	139	279	12	2	54	55	16	2	54	55	15	2	54	55	117	177	7	5	6	3	1	15	4	13	4	55	100	290	15	4	35	200	20	5	4	35	200	155	7	4	55	100	50	4	4	35	200	11	3	4	55	100	44	3	4	55	100	18	3	4	99	100	0	5	4	35	200	9	3	4	35	200	9	3	4	35	200	2	3	4	35	200	20	3	4	35	200	11	3	2	116	20	防御を破壊して戦う職業	1028
151	D級 芸術家	0	0	30	0	20	15000	1	2	3	5	2	0	14	2	290	305	12	2	61	62	16	2	61	62	15	2	61	62	42	1	2	1	3	3	1	0	0	13	4	25	200	75	7	4	25	200	11	2	4	30	100	100	5	4	25	200	7	2	4	25	150	5	2	4	25	200	7	2	4	25	200	11	2	4	99	100	0	4	4	30	100	10	2	4	30	100	25	2	4	30	100	20	4	4	30	100	15	4	4	30	100	20	3	1	127	ｱﾄﾘｴで美術品が作れる職業	1024
152	C級 芸術家	0	0	30	0	15	12000	1	2	3	5	3	0	14	2	291	306	12	2	61	62	16	2	61	62	15	2	61	62	42	1	3	2	3	3	1	2	1	13	4	25	200	90	7	4	25	200	12	2	4	35	100	125	5	4	25	200	10	2	4	30	150	6	2	4	25	200	10	2	4	25	200	16	2	4	99	100	0	4	4	35	100	13	2	4	35	100	32	2	4	35	100	26	4	4	35	100	19	4	4	35	100	26	3	1	128	ｱﾄﾘｴで美術品が作れる職業	1024
153	B級 芸術家	0	0	30	0	10	9000	1	2	3	5	4	0	14	2	292	307	12	2	61	62	16	2	61	62	15	2	61	62	42	1	4	3	3	3	1	4	2	13	4	30	200	110	8	4	30	200	14	2	4	40	100	155	5	4	30	200	14	2	4	30	150	7	2	4	30	200	14	2	4	30	200	24	2	4	99	100	0	4	4	40	100	16	2	4	40	100	41	2	4	40	100	33	4	4	40	100	24	4	4	40	100	33	3	1	129	ｱﾄﾘｴで美術品が作れる職業	1024
154	A級 芸術家	0	0	30	0	3	6000	1	2	3	5	5	0	14	2	293	308	12	2	61	62	16	2	61	62	15	2	61	62	42	1	5	4	3	3	1	8	3	13	4	30	200	135	10	4	30	200	16	3	4	45	100	190	6	4	30	200	20	3	4	35	150	9	2	4	30	200	20	2	4	30	200	36	2	4	99	100	0	4	4	45	100	20	2	4	45	100	53	2	4	45	100	42	4	4	45	100	31	4	4	45	100	42	3	2	130	64	ｱﾄﾘｴで美術品が作れる職業	1024
155	S級 芸術家	0	0	30	0	0	-1	0	6	0	14	2	294	309	12	2	61	62	16	2	61	62	15	2	61	62	42	1	7	5	3	3	1	12	4	13	4	35	200	165	13	4	35	200	20	5	4	55	100	235	8	4	35	200	30	4	4	40	150	11	3	4	35	200	30	3	4	35	200	54	3	4	99	100	0	4	4	55	100	26	3	4	55	100	68	3	4	55	100	54	5	4	55	100	40	5	4	55	100	54	4	2	131	77	ｱﾄﾘｴで美術品が作れる職業	1024
156	D級 興行家	0	2	31	0	20	15000	1	2	3	6	2	0	14	2	295	310	12	2	63	64	16	2	63	64	15	2	63	64	152	1	2	1	3	3	3	0	0	13	4	25	200	70	6	4	25	200	8	2	4	30	100	100	5	4	25	200	10	2	4	25	150	4	2	4	25	200	5	2	4	25	200	12	2	4	99	100	0	4	4	30	100	20	4	4	30	100	5	5	4	30	100	5	1	4	30	100	15	1	4	30	100	20	3	1	64	収集品を展示する店を開ける職業	1024
157	C級 興行家	0	2	31	0	15	12000	1	2	3	6	3	0	14	2	296	311	12	2	63	64	16	2	63	64	15	2	63	64	152	1	3	2	3	3	3	2	1	13	4	25	200	85	6	4	25	200	10	2	4	35	100	125	5	4	25	200	14	2	4	30	150	5	2	4	25	200	6	2	4	25	200	18	2	4	99	100	0	4	4	35	100	26	4	4	35	100	6	5	4	35	100	6	1	4	35	100	19	1	4	35	100	26	3	1	64	収集品を展示する店を開ける職業	1024
158	B級 興行家	0	2	31	0	10	9000	1	2	3	6	4	0	14	2	297	312	12	2	63	64	16	2	63	64	15	2	63	64	152	1	4	3	3	3	3	4	2	13	4	30	200	105	7	4	30	200	12	2	4	40	100	155	5	4	30	200	20	2	4	30	150	6	2	4	30	200	8	2	4	30	200	26	2	4	99	100	0	4	4	40	100	33	4	4	40	100	7	5	4	40	100	7	1	4	40	100	24	1	4	40	100	33	3	1	64	収集品を展示する店を開ける職業	1024
159	A級 興行家	0	2	31	0	3	6000	1	2	3	6	5	0	14	2	298	313	12	2	63	64	16	2	63	64	15	2	63	64	152	1	5	4	3	3	3	8	3	13	4	30	200	130	9	4	30	200	14	3	4	45	100	190	6	4	30	200	30	3	4	35	150	7	2	4	30	200	12	2	4	30	200	38	2	4	99	100	0	4	4	45	100	42	4	4	45	100	9	5	4	45	100	9	1	4	45	100	31	1	4	45	100	42	3	1	64	収集品を展示する店を開ける職業	1024
160	S級 興行家	0	2	31	0	0	-1	0	6	0	14	2	299	314	12	2	63	64	16	2	63	64	15	2	63	64	152	1	7	5	3	3	3	12	4	13	4	35	200	160	12	4	35	200	16	5	4	55	100	235	8	4	35	200	44	4	4	40	150	9	3	4	35	200	18	3	4	35	200	56	3	4	99	100	0	4	4	55	100	54	5	4	55	100	11	6	4	55	100	11	2	4	55	100	40	2	4	55	100	54	4	2	64	28	収集品を展示する店を開ける職業	1024
161	D級 獣使い	0	2	32	0	20	15000	1	2	3	7	2	0	14	2	300	315	12	2	65	66	16	2	65	66	15	2	65	66	72	1	2	1	4	4	2	0	0	13	4	25	200	99	8	4	25	200	12	2	4	30	100	100	5	4	25	200	12	2	4	25	150	3	2	4	25	200	5	2	4	25	200	8	2	4	99	100	0	4	4	30	100	20	4	4	30	100	5	4	4	30	100	5	1	4	30	100	15	1	4	30	100	20	2	1	132	野生の動物を捕獲できる職業	1028
162	C級 獣使い	0	2	32	0	15	12000	1	2	3	7	3	0	14	2	301	316	12	2	65	66	16	2	65	66	15	2	65	66	72	1	3	2	4	4	2	2	1	13	4	25	200	120	8	4	25	200	14	2	4	35	100	125	5	4	25	200	18	2	4	30	150	3	2	4	25	200	6	2	4	25	200	12	2	4	99	100	0	4	4	35	100	26	4	4	35	100	6	4	4	35	100	6	1	4	35	100	19	1	4	35	100	26	2	1	132	野生の動物を捕獲できる職業	1028
163	B級 獣使い	0	2	32	0	10	9000	1	2	3	7	4	0	14	2	302	317	12	2	65	66	16	2	65	66	15	2	65	66	72	1	4	3	4	4	2	4	2	13	4	30	200	150	9	4	30	200	16	2	4	40	100	155	5	4	30	200	26	2	4	30	150	3	2	4	30	200	8	2	4	30	200	18	2	4	99	100	0	4	4	40	100	33	4	4	40	100	7	4	4	40	100	7	1	4	40	100	24	1	4	40	100	33	2	1	132	野生の動物を捕獲できる職業	1028
164	A級 獣使い	0	2	32	0	3	6000	1	2	3	7	5	0	14	2	303	318	12	2	65	66	16	2	65	66	15	2	65	66	72	1	5	4	4	4	2	8	3	13	4	30	200	185	11	4	30	200	20	3	4	45	100	190	6	4	30	200	38	3	4	35	150	3	2	4	30	200	12	2	4	30	200	26	2	4	99	100	0	4	4	45	100	42	4	4	45	100	9	4	4	45	100	9	1	4	45	100	31	1	4	45	100	42	2	2	132	64	野生の動物を捕獲できる職業	1028
165	S級 獣使い	0	2	32	0	0	-1	0	6	0	14	2	304	319	12	2	65	66	16	2	65	66	15	2	65	66	72	1	7	5	4	4	2	12	4	13	4	35	200	230	14	4	35	200	24	5	4	55	100	235	8	4	35	200	56	4	4	40	150	3	3	4	35	200	18	3	4	35	200	38	3	4	99	100	0	4	4	55	100	54	5	4	55	100	11	5	4	55	100	11	2	4	55	100	40	2	4	55	100	54	3	2	132	61	野生の動物を捕獲できる職業	1028
166	D級 王の子	0	1	33	0	0	-1	0	2	0	14	2	325	320	12	2	67	68	16	2	67	68	15	2	67	68	137	1	9	1	7	7	2	0	0	13	4	65	100	170	12	4	300	100	45	4	4	300	200	200	5	4	300	100	25	3	4	300	100	18	3	4	300	100	24	3	4	300	100	32	3	4	99	100	0	5	4	250	150	22	3	4	250	150	24	4	4	250	150	12	3	4	250	150	24	4	4	250	150	12	4	2	108	24	とても万能な国王の子供	1028
167	C級 王の子	0	1	33	0	0	-1	0	3	0	14	2	326	321	12	2	67	68	16	2	67	68	15	2	67	68	137	1	9	2	7	7	2	2	1	13	4	65	100	210	12	4	40	200	56	4	4	40	200	250	5	4	65	100	30	3	4	40	200	23	3	4	65	100	30	3	4	65	100	48	3	4	99	100	0	5	4	40	200	28	3	4	40	200	31	4	4	40	200	15	3	4	40	200	31	4	4	40	200	15	4	2	108	25	とても万能な国王の子供	1028
168	B級 王の子	0	1	33	0	0	-1	0	4	0	14	2	327	322	12	2	67	68	16	2	67	68	15	2	67	68	137	1	9	3	7	7	2	5	2	13	4	65	100	260	13	4	40	200	70	4	4	40	200	310	5	4	65	100	36	3	4	40	200	29	3	4	65	100	36	3	4	65	100	72	3	4	99	100	0	5	4	40	200	36	3	4	40	200	40	4	4	40	200	19	3	4	40	200	40	4	4	40	200	19	4	2	108	109	とても万能な国王の子供	1028
169	A級 王の子	0	1	33	0	0	-1	0	5	0	14	2	328	323	12	2	67	68	16	2	67	68	15	2	67	68	137	1	9	4	7	7	2	10	3	13	4	65	100	325	15	4	40	200	86	5	4	40	200	385	6	4	65	100	44	4	4	40	200	37	3	4	65	100	44	3	4	65	100	108	3	4	99	100	0	5	4	40	200	46	3	4	40	200	52	4	4	40	200	24	3	4	40	200	52	4	4	40	200	24	4	2	108	109	とても万能な国王の子供	1028
170	S級 王の子	0	1	33	0	0	-1	0	6	0	14	2	329	324	12	2	67	68	16	2	67	68	15	2	67	68	137	1	9	5	7	7	2	15	4	13	4	65	100	405	18	4	40	200	106	7	4	40	200	480	8	4	65	100	54	5	4	40	200	48	4	4	65	100	54	4	4	65	100	162	4	4	99	100	0	5	4	40	200	59	4	4	40	200	67	5	4	40	200	31	4	4	40	200	67	5	4	40	200	31	5	2	108	110	とても万能な国王の子供	