0	資源どれかを <0>個集めよう	0	4	-1	30	1000	0	25	25
1	銅貨を <0>枚集めよう	0	5	12	5	250	0	25	25
2	洞窟を <0>回討伐しよう	1	2	3	2	2	-1	4	10	8	1	1
3	畑の実 <0>個集めよう	1	2	3	3	5	71	8	50	10	1	1
4	洞窟を <0>回討伐しよう	1	2	3	4	2	-1	3	8	8	1	1
5	丈夫な板 <0>個集めよう	1	2	3	5	5	75	8	50	10	1	1
6	洞窟を <0>回討伐しよう	1	2	3	6	2	-1	3	6	8	1	1
7	ﾌﾚﾝﾄﾞを連れて <0>回討伐	1	2	3	7	1	-1	1	5	0	50	50
8	ﾌﾚﾝﾄﾞを連れて <0>回討伐	1	2	3	1	1	-1	1	5	0	50	50
9	モンスター <0>体倒そう	1	2	3	2	0	-1	10	900	9	1	1
10	モンスター <0>体倒そう	1	2	3	3	0	-1	20	1000	9	1	1
11	モンスター <0>体倒そう	1	2	3	4	0	-1	30	1100	9	1	1
12	モンスター <0>体倒そう	1	2	3	5	0	-1	40	1200	9	1	1
13	モンスター <0>体倒そう	1	2	3	6	0	-1	50	1300	9	1	1
14	モンスター <0>体倒そう	1	2	3	7	0	-1	60	1400	9	1	1
15	モンスター <0>体倒そう	1	2	3	1	0	-1	70	1500	9	1	1
16	<1>を<0>体倒そう	1	3	2	1	4	0	14	1	3	0	100	100
17	<1>を<0>体倒そう	1	3	2	3	4	0	0	15	75	0	25	25
18	<1>を<0>体倒そう	1	3	2	5	4	0	1	15	75	0	50	50
19	<1>を<0>体倒そう	1	3	2	7	4	0	2	15	75	0	25	25
20	<1>を<0>体倒そう	1	3	2	9	4	0	3	15	75	0	25	25
21	<1>を<0>体倒そう	1	3	2	11	4	0	4	15	75	0	25	25
22	<1>を<0>体倒そう	1	3	2	13	4	0	5	15	75	0	25	25
23	<1>を<0>体倒そう	1	3	2	15	4	0	6	15	75	0	100	100
24	<1>を<0>体倒そう	1	3	2	17	4	0	8	5	25	0	25	25
25	<1>を<0>体倒そう	1	3	2	19	4	0	9	5	25	0	25	25
26	<1>を<0>体倒そう	1	3	2	21	4	0	10	5	25	0	25	25
27	<1>を<0>体倒そう	1	3	2	23	4	0	11	5	25	0	25	25
28	<1>を<0>体倒そう	1	3	2	25	4	0	12	5	25	0	25	25
29	<1>を<0>体倒そう	1	3	2	27	4	0	13	2	10	0	25	25
30	<1>を<0>体倒そう	1	3	2	29	4	0	26	2	10	0	25	25
31	<1>を<0>体倒そう	1	3	2	31	4	0	41	2	10	0	100