0	C/魔力の杖	1	4	0	1	3	4	5	0	28	0	42	0	5	0	168	0	252	0	420	86400	97200	3	2	4	23	164	3	1	4	23	169	3	1	1	4	81	20	1	3	未使用	ｱｲﾃﾑ <0> <1>以上<br>ｱｲﾃﾑ <2> <3>以上所持	未使用	武器の素	3	賢者の書	3	0
1	B/金剛石の杖	1	4	0	1	3	26	5	0	40	0	60	0	5	0	240	0	360	0	600	86400	97200	3	2	4	23	164	15	1	4	23	169	17	1	1	4	81	21	1	3	未使用	ｱｲﾃﾑ <0> <1>以上<br>ｱｲﾃﾑ <2> <3>以上所持	未使用	武器の素	15	賢者の書	17	0
2	C/古木の棒	1	4	0	1	3	4	5	0	28	0	42	0	5	0	168	0	252	0	420	86400	97200	3	2	4	23	164	3	1	4	23	169	3	1	1	4	81	40	1	3	未使用	ｱｲﾃﾑ <0> <1>以上<br>ｱｲﾃﾑ <2> <3>以上所持	未使用	武器の素	3	賢者の書	3	0
3	B/勇者の棒	1	4	0	1	3	26	5	0	40	0	60	0	5	0	240	0	360	0	600	86400	97200	3	2	4	23	164	15	1	4	23	169	17	1	1	4	81	41	1	3	未使用	ｱｲﾃﾑ <0> <1>以上<br>ｱｲﾃﾑ <2> <3>以上所持	未使用	武器の素	15	賢者の書	17	0
4	B/ﾄﾗｲﾃﾞﾝﾄ	1	4	0	1	3	6	5	0	28	0	42	0	5	0	168	0	252	0	420	86400	97200	3	2	4	23	164	5	1	4	23	169	5	1	1	4	81	70	1	3	未使用	ｱｲﾃﾑ <0> <1>以上<br>ｱｲﾃﾑ <2> <3>以上所持	未使用	武器の素	5	賢者の書	5	0
5	A/伝説の槍	1	4	0	1	2	27	5	0	40	0	60	0	5	0	160	0	240	0	600	86400	108000	2	2	4	23	164	16	1	4	23	169	19	1	1	4	81	71	1	3	未使用	ｱｲﾃﾑ <0> <1>以上<br>ｱｲﾃﾑ <2> <3>以上所持	未使用	武器の素	16	賢者の書	19	0
6	C/かなづち	1	4	0	1	3	6	5	0	20	0	30	0	5	0	120	0	180	0	300	86400	97200	3	2	4	23	164	4	1	4	23	169	4	1	1	4	81	84	1	3	未使用	ｱｲﾃﾑ <0> <1>以上<br>ｱｲﾃﾑ <2> <3>以上所持	未使用	武器の素	4	賢者の書	4	0
7	B/ﾋﾞｯｸﾞﾊﾝﾏｰ	1	4	0	1	3	28	5	0	28	0	42	0	5	0	168	0	252	0	420	86400	97200	3	2	4	23	164	16	1	4	23	169	18	1	1	4	81	85	1	3	未使用	ｱｲﾃﾑ <0> <1>以上<br>ｱｲﾃﾑ <2> <3>以上所持	未使用	武器の素	16	賢者の書	18	0
8	S/炎の槌	1	4	0	1	1	50	5	0	40	0	60	0	5	0	80	0	120	0	600	86400	118800	1	2	4	23	164	28	1	4	23	169	33	1	1	4	81	86	1	3	未使用	ｱｲﾃﾑ <0> <1>以上<br>ｱｲﾃﾑ <2> <3>以上所持	未使用	武器の素	28	賢者の書	33	0
9	C/名工の剣	1	4	0	1	3	6	5	0	20	0	30	0	5	0	120	0	180	0	300	86400	97200	3	2	4	23	164	4	1	4	23	169	5	1	1	4	81	94	1	3	未使用	ｱｲﾃﾑ <0> <1>以上<br>ｱｲﾃﾑ <2> <3>以上所持	未使用	武器の素	4	賢者の書	5	0
10	B/名将の剣	1	4	0	1	3	28	5	0	28	0	42	0	5	0	168	0	252	0	420	86400	97200	3	2	4	23	164	16	1	4	23	169	18	1	1	4	81	95	1	3	未使用	ｱｲﾃﾑ <0> <1>以上<br>ｱｲﾃﾑ <2> <3>以上所持	未使用	武器の素	16	賢者の書	18	0
11	A/豪傑の剣	1	4	0	1	2	50	5	0	40	0	60	0	5	0	160	0	240	0	600	86400	108000	2	2	4	23	164	28	1	4	23	169	32	1	1	4	81	96	1	3	未使用	ｱｲﾃﾑ <0> <1>以上<br>ｱｲﾃﾑ <2> <3>以上所持	未使用	武器の素	28	賢者の書	32	0
12	C/棒	1	4	0	1	3	7	5	0	20	0	30	0	5	0	120	0	180	0	300	86400	97200	3	2	4	23	164	5	1	4	23	169	5	1	1	4	81	44	1	3	未使用	ｱｲﾃﾑ <0> <1>以上<br>ｱｲﾃﾑ <2> <3>以上所持	未使用	武器の素	5	賢者の書	5	0
13	B/鉄の棒	1	4	0	1	3	29	5	0	28	0	42	0	5	0	168	0	252	0	420	86400	97200	3	2	4	23	164	16	1	4	23	169	19	1	1	4	81	45	1	3	未使用	ｱｲﾃﾑ <0> <1>以上<br>ｱｲﾃﾑ <2> <3>以上所持	未使用	武器の素	16	賢者の書	19	0
14	A/赤い棒	1	4	0	1	2	51	5	0	40	0	60	0	5	0	160	0	240	0	600	86400	108000	2	2	4	23	164	28	1	4	23	169	33	1	1	4	81	46	1	3	未使用	ｱｲﾃﾑ <0> <1>以上<br>ｱｲﾃﾑ <2> <3>以上所持	未使用	武器の素	28	賢者の書	33	0
15	C/古文書	1	4	0	1	3	8	5	0	28	0	42	0	5	0	168	0	252	0	420	86400	97200	3	2	4	23	164	5	1	4	23	169	5	1	1	4	81	155	1	3	未使用	ｱｲﾃﾑ <0> <1>以上<br>ｱｲﾃﾑ <2> <3>以上所持	未使用	武器の素	5	賢者の書	5	0
16	B/絵筆	1	4	0	1	3	30	5	0	40	0	60	0	5	0	240	0	360	0	600	86400	97200	3	2	4	23	164	17	1	4	23	169	19	1	1	4	81	156	1	3	未使用	ｱｲﾃﾑ <0> <1>以上<br>ｱｲﾃﾑ <2> <3>以上所持	未使用	武器の素	17	賢者の書	19	0
17	B/名工の包丁	1	4	0	1	3	9	5	0	28	0	42	0	5	0	168	0	252	0	420	86400	97200	3	2	4	23	164	6	1	4	23	169	7	1	1	4	81	100	1	3	未使用	ｱｲﾃﾑ <0> <1>以上<br>ｱｲﾃﾑ <2> <3>以上所持	未使用	武器の素	6	賢者の書	7	0
18	A/金の包丁	1	4	0	1	2	31	5	0	40	0	60	0	5	0	160	0	240	0	600	86400	108000	2	2	4	23	164	18	1	4	23	169	21	1	1	4	81	101	1	3	未使用	ｱｲﾃﾑ <0> <1>以上<br>ｱｲﾃﾑ <2> <3>以上所持	未使用	武器の素	18	賢者の書	21	0
19	C/クラブ	1	4	0	1	3	9	5	0	12	0	18	0	5	0	72	0	108	0	180	86400	97200	3	2	4	23	164	6	1	4	23	169	6	1	1	4	81	48	1	3	未使用	ｱｲﾃﾑ <0> <1>以上<br>ｱｲﾃﾑ <2> <3>以上所持	未使用	武器の素	6	賢者の書	6	0
20	B/ﾓｰﾆﾝｸﾞｽﾀｰ	1	4	0	1	3	31	5	0	20	0	30	0	5	0	120	0	180	0	300	86400	97200	3	2	4	23	164	17	1	4	23	169	20	1	1	4	81	49	1	3	未使用	ｱｲﾃﾑ <0> <1>以上<br>ｱｲﾃﾑ <2> <3>以上所持	未使用	武器の素	17	賢者の書	20	0
21	A/鋼鉄棒	1	4	0	1	2	53	5	0	28	0	42	0	5	0	112	0	168	0	420	86400	108000	2	2	4	23	164	29	1	4	23	169	34	1	1	4	81	50	1	3	未使用	ｱｲﾃﾑ <0> <1>以上<br>ｱｲﾃﾑ <2> <3>以上所持	未使用	武器の素	29	賢者の書	34	0
22	S/黄金棒	1	4	0	1	1	75	5	0	40	0	60	0	5	0	80	0	120	0	600	86400	118800	1	2	4	23	164	41	1	4	23	169	48	1	1	4	81	51	1	3	未使用	ｱｲﾃﾑ <0> <1>以上<br>ｱｲﾃﾑ <2> <3>以上所持	未使用	武器の素	41	賢者の書	48	0
23	B/白銀の槌	1	4	0	1	3	10	5	0	20	0	30	0	5	0	120	0	180	0	300	86400	97200	3	2	4	23	164	7	1	4	23	169	8	1	1	4	81	89	1	3	未使用	ｱｲﾃﾑ <0> <1>以上<br>ｱｲﾃﾑ <2> <3>以上所持	未使用	武器の素	7	賢者の書	8	0
24	A/名工の槌	1	4	0	1	2	32	5	0	28	0	42	0	5	0	112	0	168	0	420	86400	108000	2	2	4	23	164	19	1	4	23	169	21	1	1	4	81	90	1	3	未使用	ｱｲﾃﾑ <0> <1>以上<br>ｱｲﾃﾑ <2> <3>以上所持	未使用	武器の素	19	賢者の書	21	0
25	S/金の槌	1	4	0	1	1	54	5	0	40	0	60	0	5	0	80	0	120	0	600	86400	118800	1	2	4	23	164	30	1	4	23	169	35	1	1	4	81	91	1	3	未使用	ｱｲﾃﾑ <0> <1>以上<br>ｱｲﾃﾑ <2> <3>以上所持	未使用	武器の素	30	賢者の書	35	0
26	C/白銀メス	1	4	0	1	3	10	5	0	20	0	30	0	5	0	120	0	180	0	300	86400	97200	3	2	4	23	164	6	1	4	23	169	7	1	1	4	81	104	1	3	未使用	ｱｲﾃﾑ <0> <1>以上<br>ｱｲﾃﾑ <2> <3>以上所持	未使用	武器の素	6	賢者の書	7	0
27	B/稲妻のﾒｽ	1	4	0	1	3	32	5	0	28	0	42	0	5	0	168	0	252	0	420	86400	97200	3	2	4	23	164	18	1	4	23	169	21	1	1	4	81	105	1	3	未使用	ｱｲﾃﾑ <0> <1>以上<br>ｱｲﾃﾑ <2> <3>以上所持	未使用	武器の素	18	賢者の書	21	0
28	A/氷の小刀	1	4	0	1	2	54	5	0	40	0	60	0	5	0	160	0	240	0	600	86400	108000	2	2	4	23	164	30	1	4	23	169	35	1	1	4	81	106	1	3	未使用	ｱｲﾃﾑ <0> <1>以上<br>ｱｲﾃﾑ <2> <3>以上所持	未使用	武器の素	30	賢者の書	35	0
29	C/光の棒	1	4	0	1	3	11	5	0	20	0	30	0	5	0	120	0	180	0	300	86400	97200	3	2	4	23	164	7	1	4	23	169	7	1	1	4	81	54	1	3	未使用	ｱｲﾃﾑ <0> <1>以上<br>ｱｲﾃﾑ <2> <3>以上所持	未使用	武器の素	7	賢者の書	7	0
30	A/天使の棒	1	4	0	1	2	33	5	0	28	0	42	0	5	0	112	0	168	0	420	86400	108000	2	2	4	23	164	19	1	4	23	169	22	1	1	4	81	55	1	3	未使用	ｱｲﾃﾑ <0> <1>以上<br>ｱｲﾃﾑ <2> <3>以上所持	未使用	武器の素	19	賢者の書	22	0
31	S/神々の棒	1	4	0	1	1	55	5	0	40	0	60	0	5	0	80	0	120	0	600	86400	118800	1	2	4	23	164	31	1	4	23	169	36	1	1	4	81	56	1	3	未使用	ｱｲﾃﾑ <0> <1>以上<br>ｱｲﾃﾑ <2> <3>以上所持	未使用	武器の素	31	賢者の書	36	0
32	C/疾風の剣	1	4	0	1	3	12	5	0	20	0	30	0	5	0	120	0	180	0	300	86400	97200	3	2	4	23	164	7	1	4	23	169	8	1	1	4	81	109	1	3	未使用	ｱｲﾃﾑ <0> <1>以上<br>ｱｲﾃﾑ <2> <3>以上所持	未使用	武器の素	7	賢者の書	8	0
33	A/滴の剣	1	4	0	1	2	34	5	0	28	0	42	0	5	0	112	0	168	0	420	86400	108000	2	2	4	23	164	20	1	4	23	169	23	1	1	4	81	110	1	3	未使用	ｱｲﾃﾑ <0> <1>以上<br>ｱｲﾃﾑ <2> <3>以上所持	未使用	武器の素	20	賢者の書	23	0
34	S/火の剣	1	4	0	1	1	56	5	0	40	0	60	0	5	0	80	0	120	0	600	86400	118800	1	2	4	23	164	31	1	4	23	169	36	1	1	4	81	111	1	3	未使用	ｱｲﾃﾑ <0> <1>以上<br>ｱｲﾃﾑ <2> <3>以上所持	未使用	武器の素	31	賢者の書	36	0
35	C/芸術棒	1	4	0	1	3	12	5	0	28	0	42	0	5	0	168	0	252	0	420	86400	97200	3	2	4	23	164	7	1	4	23	169	8	1	1	4	81	60	1	3	未使用	ｱｲﾃﾑ <0> <1>以上<br>ｱｲﾃﾑ <2> <3>以上所持	未使用	武器の素	7	賢者の書	8	0
36	A/ｴﾒﾗﾙﾄﾞ棒	1	4	0	1	2	35	5	0	40	0	60	0	5	0	160	0	240	0	600	86400	108000	2	2	4	23	164	20	1	4	23	169	23	1	1	4	81	61	1	3	未使用	ｱｲﾃﾑ <0> <1>以上<br>ｱｲﾃﾑ <2> <3>以上所持	未使用	武器の素	20	賢者の書	23	0
37	C/鉄の銛	1	4	0	1	3	13	5	0	12	0	18	0	5	0	72	0	108	0	180	86400	97200	3	2	4	23	164	8	1	4	23	169	9	1	1	4	81	73	1	3	未使用	ｱｲﾃﾑ <0> <1>以上<br>ｱｲﾃﾑ <2> <3>以上所持	未使用	武器の素	8	賢者の書	9	0
38	B/赤い槍	1	4	0	1	3	35	5	0	20	0	30	0	5	0	120	0	180	0	300	86400	97200	3	2	4	23	164	19	1	4	23	169	22	1	1	4	81	74	1	3	未使用	ｱｲﾃﾑ <0> <1>以上<br>ｱｲﾃﾑ <2> <3>以上所持	未使用	武器の素	19	賢者の書	22	0
39	A/鋼鉄の槍	1	4	0	1	2	57	5	0	28	0	42	0	5	0	112	0	168	0	420	86400	108000	2	2	4	23	164	31	1	4	23	169	36	1	1	4	81	75	1	3	未使用	ｱｲﾃﾑ <0> <1>以上<br>ｱｲﾃﾑ <2> <3>以上所持	未使用	武器の素	31	賢者の書	36	0
40	S/炎の槍	1	4	0	1	1	79	5	0	40	0	60	0	5	0	80	0	120	0	600	86400	118800	1	2	4	23	164	43	1	4	23	169	50	1	1	4	81	76	1	3	未使用	ｱｲﾃﾑ <0> <1>以上<br>ｱｲﾃﾑ <2> <3>以上所持	未使用	武器の素	43	賢者の書	50	0
41	C/銀の剣	1	4	0	1	3	14	5	0	20	0	30	0	5	0	120	0	180	0	300	86400	97200	3	2	4	23	164	8	1	4	23	169	9	1	1	4	81	114	1	3	未使用	ｱｲﾃﾑ <0> <1>以上<br>ｱｲﾃﾑ <2> <3>以上所持	未使用	武器の素	8	賢者の書	9	0
42	B/破壊の剣	1	4	0	1	3	36	5	0	28	0	42	0	5	0	168	0	252	0	420	86400	97200	3	2	4	23	164	20	1	4	23	169	23	1	1	4	81	115	1	3	未使用	ｱｲﾃﾑ <0> <1>以上<br>ｱｲﾃﾑ <2> <3>以上所持	未使用	武器の素	20	賢者の書	23	0
43	A/古の剣	1	4	0	1	2	57	5	0	40	0	60	0	5	0	160	0	240	0	600	86400	108000	2	2	4	23	164	31	1	4	23	169	37	1	1	4	81	116	1	3	未使用	ｱｲﾃﾑ <0> <1>以上<br>ｱｲﾃﾑ <2> <3>以上所持	未使用	武器の素	31	賢者の書	37	0
44	C/とがった杖	1	4	0	1	3	14	5	0	20	0	30	0	5	0	120	0	180	0	300	86400	97200	3	2	4	23	164	8	1	4	23	169	9	1	1	4	81	24	1	3	未使用	ｱｲﾃﾑ <0> <1>以上<br>ｱｲﾃﾑ <2> <3>以上所持	未使用	武器の素	8	賢者の書	9	0
45	B/輝きの杖	1	4	0	1	3	36	5	0	28	0	42	0	5	0	168	0	252	0	420	86400	97200	3	2	4	23	164	20	1	4	23	169	23	1	1	4	81	25	1	3	未使用	ｱｲﾃﾑ <0> <1>以上<br>ｱｲﾃﾑ <2> <3>以上所持	未使用	武器の素	20	賢者の書	23	0
46	A/光の杖	1	4	0	1	2	58	5	0	40	0	60	0	5	0	160	0	240	0	600	86400	108000	2	2	4	23	164	32	1	4	23	169	37	1	1	4	81	26	1	3	未使用	ｱｲﾃﾑ <0> <1>以上<br>ｱｲﾃﾑ <2> <3>以上所持	未使用	武器の素	32	賢者の書	37	0
47	C/氷の大剣	1	4	0	1	3	15	5	0	20	0	30	0	5	0	120	0	180	0	300	86400	97200	3	2	4	23	164	9	1	4	23	169	10	1	1	4	81	119	1	3	未使用	ｱｲﾃﾑ <0> <1>以上<br>ｱｲﾃﾑ <2> <3>以上所持	未使用	武器の素	9	賢者の書	10	0
48	B/ﾌﾞﾘｻﾞｰﾄﾞｿｰﾄﾞ	1	4	0	1	3	37	5	0	28	0	42	0	5	0	168	0	252	0	420	86400	97200	3	2	4	23	164	20	1	4	23	169	24	1	1	4	81	120	1	3	未使用	ｱｲﾃﾑ <0> <1>以上<br>ｱｲﾃﾑ <2> <3>以上所持	未使用	武器の素	20	賢者の書	24	0
49	S/吹雪の剣	1	4	0	1	1	59	5	0	40	0	60	0	5	0	80	0	120	0	600	86400	118800	1	2	4	23	164	33	1	4	23	169	38	1	1	4	81	121	1	3	未使用	ｱｲﾃﾑ <0> <1>以上<br>ｱｲﾃﾑ <2> <3>以上所持	未使用	武器の素	33	賢者の書	38	0
50	C/火縄銃	1	4	0	1	3	16	5	0	12	0	18	0	5	0	72	0	108	0	180	86400	97200	3	2	4	23	164	9	1	4	23	169	10	1	1	4	81	158	1	3	未使用	ｱｲﾃﾑ <0> <1>以上<br>ｱｲﾃﾑ <2> <3>以上所持	未使用	武器の素	9	賢者の書	10	0
51	B/マスケット銃	1	4	0	1	3	38	5	0	20	0	30	0	5	0	120	0	180	0	300	86400	97200	3	2	4	23	164	21	1	4	23	169	24	1	1	4	81	159	1	3	未使用	ｱｲﾃﾑ <0> <1>以上<br>ｱｲﾃﾑ <2> <3>以上所持	未使用	武器の素	21	賢者の書	24	0
52	A/強力銃	1	4	0	1	2	59	5	0	28	0	42	0	5	0	112	0	168	0	420	86400	108000	2	2	4	23	164	32	1	4	23	169	38	1	1	4	81	160	1	3	未使用	ｱｲﾃﾑ <0> <1>以上<br>ｱｲﾃﾑ <2> <3>以上所持	未使用	武器の素	32	賢者の書	38	0
53	S/金の銃	1	4	0	1	1	81	5	0	40	0	60	0	5	0	80	0	120	0	600	86400	118800	1	2	4	23	164	44	1	4	23	169	52	1	1	4	81	161	1	3	未使用	ｱｲﾃﾑ <0> <1>以上<br>ｱｲﾃﾑ <2> <3>以上所持	未使用	武器の素	44	賢者の書	52	0
54	C/足軽の弓	1	4	0	1	3	16	5	0	12	0	18	0	5	0	72	0	108	0	180	86400	97200	3	2	4	23	164	9	1	4	23	169	11	1	1	4	81	163	1	3	未使用	ｱｲﾃﾑ <0> <1>以上<br>ｱｲﾃﾑ <2> <3>以上所持	未使用	武器の素	9	賢者の書	11	0
55	B/狩人の弓	1	4	0	1	3	38	5	0	20	0	30	0	5	0	120	0	180	0	300	86400	97200	3	2	4	23	164	21	1	4	23	169	24	1	1	4	81	164	1	3	未使用	ｱｲﾃﾑ <0> <1>以上<br>ｱｲﾃﾑ <2> <3>以上所持	未使用	武器の素	21	賢者の書	24	0
56	A/高速の弓	1	4	0	1	2	60	5	0	28	0	42	0	5	0	112	0	168	0	420	86400	108000	2	2	4	23	164	33	1	4	23	169	38	1	1	4	81	165	1	3	未使用	ｱｲﾃﾑ <0> <1>以上<br>ｱｲﾃﾑ <2> <3>以上所持	未使用	武器の素	33	賢者の書	38	0
57	S/強者の弓	1	4	0	1	1	82	5	0	40	0	60	0	5	0	80	0	120	0	600	86400	118800	1	2	4	23	164	44	1	4	23	169	52	1	1	4	81	166	1	3	未使用	ｱｲﾃﾑ <0> <1>以上<br>ｱｲﾃﾑ <2> <3>以上所持	未使用	武器の素	44	賢者の書	52	0
58	C/大手裏剣	1	4	0	1	3	17	5	0	20	0	30	0	5	0	120	0	180	0	300	86400	97200	3	2	4	23	164	10	1	4	23	169	11	1	1	4	81	124	1	3	未使用	ｱｲﾃﾑ <0> <1>以上<br>ｱｲﾃﾑ <2> <3>以上所持	未使用	武器の素	10	賢者の書	11	0
59	B/火炎手裏剣	1	4	0	1	3	39	5	0	28	0	42	0	5	0	168	0	252	0	420	86400	97200	3	2	4	23	164	21	1	4	23	169	25	1	1	4	81	125	1	3	未使用	ｱｲﾃﾑ <0> <1>以上<br>ｱｲﾃﾑ <2> <3>以上所持	未使用	武器の素	21	賢者の書	25	0
60	A/ｷﾞｶﾞ手裏剣	1	4	0	1	2	61	5	0	40	0	60	0	5	0	160	0	240	0	600	86400	108000	2	2	4	23	164	33	1	4	23	169	39	1	1	4	81	126	1	3	未使用	ｱｲﾃﾑ <0> <1>以上<br>ｱｲﾃﾑ <2> <3>以上所持	未使用	武器の素	33	賢者の書	39	0
61	C/武将の刀	1	4	0	1	3	18	5	0	20	0	30	0	5	0	120	0	180	0	300	86400	97200	3	2	4	23	164	10	1	4	23	169	11	1	1	4	81	129	1	3	未使用	ｱｲﾃﾑ <0> <1>以上<br>ｱｲﾃﾑ <2> <3>以上所持	未使用	武器の素	10	賢者の書	11	0
62	B/名工の刀	1	4	0	1	3	40	5	0	28	0	42	0	5	0	168	0	252	0	420	86400	97200	3	2	4	23	164	22	1	4	23	169	25	1	1	4	81	130	1	3	未使用	ｱｲﾃﾑ <0> <1>以上<br>ｱｲﾃﾑ <2> <3>以上所持	未使用	武器の素	22	賢者の書	25	0
63	A/伝説の刀	1	4	0	1	2	61	5	0	40	0	60	0	5	0	160	0	240	0	600	86400	108000	2	2	4	23	164	33	1	4	23	169	39	1	1	4	81	131	1	3	未使用	ｱｲﾃﾑ <0> <1>以上<br>ｱｲﾃﾑ <2> <3>以上所持	未使用	武器の素	33	賢者の書	39	0
64	C/鋼鉄の斧	1	4	0	1	3	18	5	0	20	0	30	0	5	0	120	0	180	0	300	86400	97200	3	2	4	23	164	10	1	4	23	169	12	1	1	4	81	169	1	3	未使用	ｱｲﾃﾑ <0> <1>以上<br>ｱｲﾃﾑ <2> <3>以上所持	未使用	武器の素	10	賢者の書	12	0
65	B/ﾊﾞﾄﾙｱｯｸｽ	1	4	0	1	3	40	5	0	28	0	42	0	5	0	168	0	252	0	420	86400	97200	3	2	4	23	164	22	1	4	23	169	26	1	1	4	81	170	1	3	未使用	ｱｲﾃﾑ <0> <1>以上<br>ｱｲﾃﾑ <2> <3>以上所持	未使用	武器の素	22	賢者の書	26	0
66	S/伝説の斧	1	4	0	1	1	63	5	0	40	0	60	0	5	0	80	0	120	0	600	86400	118800	1	2	4	23	164	35	1	4	23	169	40	1	1	4	81	171	1	3	未使用	ｱｲﾃﾑ <0> <1>以上<br>ｱｲﾃﾑ <2> <3>以上所持	未使用	武器の素	35	賢者の書	40	0
67	C/鋼鉄剣	1	4	0	1	3	19	5	0	20	0	30	0	5	0	120	0	180	0	300	86400	97200	3	2	4	23	164	11	1	4	23	169	12	1	1	4	81	134	1	3	未使用	ｱｲﾃﾑ <0> <1>以上<br>ｱｲﾃﾑ <2> <3>以上所持	未使用	武器の素	11	賢者の書	12	0
68	B/軽量剣	1	4	0	1	3	41	5	0	28	0	42	0	5	0	168	0	252	0	420	86400	97200	3	2	4	23	164	22	1	4	23	169	26	1	1	4	81	135	1	3	未使用	ｱｲﾃﾑ <0> <1>以上<br>ｱｲﾃﾑ <2> <3>以上所持	未使用	武器の素	22	賢者の書	26	0
69	A/誇りの剣	1	4	0	1	2	63	5	0	40	0	60	0	5	0	160	0	240	0	600	86400	108000	2	2	4	23	164	34	1	4	23	169	40	1	1	4	81	136	1	3	未使用	ｱｲﾃﾑ <0> <1>以上<br>ｱｲﾃﾑ <2> <3>以上所持	未使用	武器の素	34	賢者の書	40	0
70	C/聖者の剣	1	4	0	1	3	20	5	0	20	0	30	0	5	0	120	0	180	0	300	86400	97200	3	2	4	23	164	11	1	4	23	169	13	1	1	4	81	139	1	3	未使用	ｱｲﾃﾑ <0> <1>以上<br>ｱｲﾃﾑ <2> <3>以上所持	未使用	武器の素	11	賢者の書	13	0
71	A/怒りの剣	1	4	0	1	2	42	5	0	28	0	42	0	5	0	112	0	168	0	420	86400	108000	2	2	4	23	164	24	1	4	23	169	27	1	1	4	81	140	1	3	未使用	ｱｲﾃﾑ <0> <1>以上<br>ｱｲﾃﾑ <2> <3>以上所持	未使用	武器の素	24	賢者の書	27	0
72	S/伝説の剣	1	4	0	1	1	64	5	0	40	0	60	0	5	0	80	0	120	0	600	86400	118800	1	2	4	23	164	35	1	4	23	169	41	1	1	4	81	141	1	3	未使用	ｱｲﾃﾑ <0> <1>以上<br>ｱｲﾃﾑ <2> <3>以上所持	未使用	武器の素	35	賢者の書	41	0
73	C/稲妻の杖	1	4	0	1	3	20	5	0	20	0	30	0	5	0	120	0	180	0	300	86400	97200	3	2	4	23	164	11	1	4	23	169	13	1	1	4	81	29	1	3	未使用	ｱｲﾃﾑ <0> <1>以上<br>ｱｲﾃﾑ <2> <3>以上所持	未使用	武器の素	11	賢者の書	13	0
74	B/雷撃の杖	1	4	0	1	3	42	5	0	28	0	42	0	5	0	168	0	252	0	420	86400	97200	3	2	4	23	164	23	1	4	23	169	27	1	1	4	81	30	1	3	未使用	ｱｲﾃﾑ <0> <1>以上<br>ｱｲﾃﾑ <2> <3>以上所持	未使用	武器の素	23	賢者の書	27	0
75	A/氷の杖	1	4	0	1	2	64	5	0	40	0	60	0	5	0	160	0	240	0	600	86400	108000	2	2	4	23	164	35	1	4	23	169	41	1	1	4	81	31	1	3	未使用	ｱｲﾃﾑ <0> <1>以上<br>ｱｲﾃﾑ <2> <3>以上所持	未使用	武器の素	35	賢者の書	41	0
76	C/暗黒剣	1	4	0	1	3	21	5	0	12	0	18	0	5	0	72	0	108	0	180	86400	97200	3	2	4	23	164	12	1	4	23	169	13	1	1	4	81	143	1	3	未使用	ｱｲﾃﾑ <0> <1>以上<br>ｱｲﾃﾑ <2> <3>以上所持	未使用	武器の素	12	賢者の書	13	0
77	B/漆黒の剣	1	4	0	1	3	43	5	0	20	0	30	0	5	0	120	0	180	0	300	86400	97200	3	2	4	23	164	23	1	4	23	169	27	1	1	4	81	144	1	3	未使用	ｱｲﾃﾑ <0> <1>以上<br>ｱｲﾃﾑ <2> <3>以上所持	未使用	武器の素	23	賢者の書	27	0
78	A/王の剣	1	4	0	1	2	65	5	0	28	0	42	0	5	0	112	0	168	0	420	86400	108000	2	2	4	23	164	35	1	4	23	169	41	1	1	4	81	145	1	3	未使用	ｱｲﾃﾑ <0> <1>以上<br>ｱｲﾃﾑ <2> <3>以上所持	未使用	武器の素	35	賢者の書	41	0
79	S/覇王の剣	1	4	0	1	1	87	5	0	40	0	60	0	5	0	80	0	120	0	600	86400	118800	1	2	4	23	164	47	1	4	23	169	55	1	1	4	81	146	1	3	未使用	ｱｲﾃﾑ <0> <1>以上<br>ｱｲﾃﾑ <2> <3>以上所持	未使用	武器の素	47	賢者の書	55	0
80	C/騎士の槍	1	4	0	1	3	22	5	0	12	0	18	0	5	0	72	0	108	0	180	86400	97200	3	2	4	23	164	12	1	4	23	169	14	1	1	4	81	78	1	3	未使用	ｱｲﾃﾑ <0> <1>以上<br>ｱｲﾃﾑ <2> <3>以上所持	未使用	武器の素	12	賢者の書	14	0
81	B/名将の槍	1	4	0	1	3	44	5	0	20	0	30	0	5	0	120	0	180	0	300	86400	97200	3	2	4	23	164	24	1	4	23	169	28	1	1	4	81	79	1	3	未使用	ｱｲﾃﾑ <0> <1>以上<br>ｱｲﾃﾑ <2> <3>以上所持	未使用	武器の素	24	賢者の書	28	0
82	A/金の槍	1	4	0	1	2	65	5	0	28	0	42	0	5	0	112	0	168	0	420	86400	108000	2	2	4	23	164	35	1	4	23	169	41	1	1	4	81	80	1	3	未使用	ｱｲﾃﾑ <0> <1>以上<br>ｱｲﾃﾑ <2> <3>以上所持	未使用	武器の素	35	賢者の書	41	0
83	S/黒い槍	1	4	0	1	1	87	5	0	40	0	60	0	5	0	80	0	120	0	600	86400	118800	1	2	4	23	164	47	1	4	23	169	55	1	1	4	81	81	1	3	未使用	ｱｲﾃﾑ <0> <1>以上<br>ｱｲﾃﾑ <2> <3>以上所持	未使用	武器の素	47	賢者の書	55	0
84	C/先王の杖	1	4	0	1	3	22	5	0	20	0	30	0	5	0	120	0	180	0	300	86400	97200	3	2	4	23	164	12	1	4	23	169	14	1	1	4	81	34	1	3	未使用	ｱｲﾃﾑ <0> <1>以上<br>ｱｲﾃﾑ <2> <3>以上所持	未使用	武器の素	12	賢者の書	14	0
85	A/伝説の杖	1	4	0	1	2	45	5	0	28	0	42	0	5	0	112	0	168	0	420	86400	108000	2	2	4	23	164	25	1	4	23	169	29	1	1	4	81	35	1	3	未使用	ｱｲﾃﾑ <0> <1>以上<br>ｱｲﾃﾑ <2> <3>以上所持	未使用	武器の素	25	賢者の書	29	0
86	S/幻の杖	1	4	0	1	1	67	5	0	40	0	60	0	5	0	80	0	120	0	600	86400	118800	1	2	4	23	164	37	1	4	23	169	43	1	1	4	81	36	1	3	未使用	ｱｲﾃﾑ <0> <1>以上<br>ｱｲﾃﾑ <2> <3>以上所持	未使用	武器の素	37	賢者の書	43	0
87	C/勇気の剣	1	4	0	1	3	23	5	0	12	0	18	0	5	0	72	0	108	0	180	86400	97200	3	2	4	23	164	13	1	4	23	169	15	1	1	4	81	148	1	3	未使用	ｱｲﾃﾑ <0> <1>以上<br>ｱｲﾃﾑ <2> <3>以上所持	未使用	武器の素	13	賢者の書	15	0
88	B/勇者の剣	1	4	0	1	3	45	5	0	20	0	30	0	5	0	120	0	180	0	300	86400	97200	3	2	4	23	164	24	1	4	23	169	28	1	1	4	81	149	1	3	未使用	ｱｲﾃﾑ <0> <1>以上<br>ｱｲﾃﾑ <2> <3>以上所持	未使用	武器の素	24	賢者の書	28	0
89	A/不滅の剣	1	4	0	1	2	67	5	0	28	0	42	0	5	0	112	0	168	0	420	86400	108000	2	2	4	23	164	36	1	4	23	169	42	1	1	4	81	150	1	3	未使用	ｱｲﾃﾑ <0> <1>以上<br>ｱｲﾃﾑ <2> <3>以上所持	未使用	武器の素	36	賢者の書	42	0
90	S/世界樹の剣	1	4	0	1	1	89	5	0	40	0	60	0	5	0	80	0	120	0	600	86400	118800	1	2	4	23	164	48	1	4	23	169	56	1	1	4	81	151	1	3	未使用	ｱｲﾃﾑ <0> <1>以上<br>ｱｲﾃﾑ <2> <3>以上所持	未使用	武器の素	48	賢者の書	56	0
91	C/民芸の棒	1	4	0	1	3	24	5	0	28	0	42	0	5	0	168	0	252	0	420	86400	97200	3	2	4	23	164	13	1	4	23	169	15	1	1	4	81	65	1	3	未使用	ｱｲﾃﾑ <0> <1>以上<br>ｱｲﾃﾑ <2> <3>以上所持	未使用	武器の素	13	賢者の書	15	0
92	B/枝の剣	1	4	0	1	3	46	5	0	40	0	60	0	5	0	240	0	360	0	600	86400	97200	3	2	4	23	164	25	1	4	23	169	29	1	1	4	81	66	1	3	未使用	ｱｲﾃﾑ <0> <1>以上<br>ｱｲﾃﾑ <2> <3>以上所持	未使用	武器の素	25	賢者の書	29	0
93	B/甲羅の盾	1	6	0	1	3	14	5	0	0	0	36	18	5	0	0	0	216	108	540	86400	97200	3	2	4	23	165	9	1	4	23	169	10	1	1	4	81	185	1	3	未使用	ｱｲﾃﾑ <0> <1>以上<br>ｱｲﾃﾑ <2> <3>以上所持	未使用	盾の素	9	賢者の書	10	0
94	S/ﾜｲﾛｼｰﾙﾄﾞ	1	6	0	1	1	85	5	0	0	0	60	30	5	0	0	0	120	60	900	86400	118800	1	2	4	23	165	46	1	4	23	169	54	1	1	4	81	186	1	3	未使用	ｱｲﾃﾑ <0> <1>以上<br>ｱｲﾃﾑ <2> <3>以上所持	未使用	盾の素	46	賢者の書	54	0
95	B/科学の盾	1	6	0	1	3	20	5	0	0	0	36	18	5	0	0	0	216	108	540	86400	97200	3	2	4	23	165	12	1	4	23	169	14	1	1	4	81	187	1	3	未使用	ｱｲﾃﾑ <0> <1>以上<br>ｱｲﾃﾑ <2> <3>以上所持	未使用	盾の素	12	賢者の書	14	0
96	A/聖なる盾	1	6	0	1	2	64	5	0	0	0	48	24	5	0	0	0	192	96	720	86400	108000	2	2	4	23	165	35	1	4	23	169	41	1	1	4	81	188	1	3	未使用	ｱｲﾃﾑ <0> <1>以上<br>ｱｲﾃﾑ <2> <3>以上所持	未使用	盾の素	35	賢者の書	41	0
97	C/悪夢の盾	1	6	0	1	3	6	5	0	0	0	28	14	5	0	0	0	168	84	420	86400	97200	3	2	4	23	165	4	1	4	23	169	5	1	1	4	81	191	1	3	未使用	ｱｲﾃﾑ <0> <1>以上<br>ｱｲﾃﾑ <2> <3>以上所持	未使用	盾の素	4	賢者の書	5	0
98	B/伝統の盾	1	6	0	1	3	24	5	0	0	0	36	18	5	0	0	0	216	108	540	86400	97200	3	2	4	23	165	14	1	4	23	169	16	1	1	4	81	192	1	3	未使用	ｱｲﾃﾑ <0> <1>以上<br>ｱｲﾃﾑ <2> <3>以上所持	未使用	盾の素	14	賢者の書	16	0
99	B/みどりの盾	1	6	0	1	3	30	5	0	0	0	36	18	5	0	0	0	216	108	540	86400	97200	3	2	4	23	165	17	1	4	23	169	20	1	1	4	81	193	1	3	未使用	ｱｲﾃﾑ <0> <1>以上<br>ｱｲﾃﾑ <2> <3>以上所持	未使用	盾の素	17	賢者の書	20	0
100	S/ﾘﾌﾚｸﾄｼｰﾙﾄﾞ	1	6	0	1	2	71	5	0	0	0	48	24	5	0	0	0	192	96	720	86400	108000	2	2	4	23	165	39	1	4	23	169	46	1	1	4	81	194	1	3	未使用	ｱｲﾃﾑ <0> <1>以上<br>ｱｲﾃﾑ <2> <3>以上所持	未使用	盾の素	39	賢者の書	46	0
101	A/ｺﾞｰﾙﾄﾞｼｰﾙﾄﾞ	1	6	0	1	2	67	5	0	0	0	48	24	5	0	0	0	192	96	720	86400	108000	2	2	4	23	165	36	1	4	23	169	43	1	1	4	81	195	1	3	未使用	ｱｲﾃﾑ <0> <1>以上<br>ｱｲﾃﾑ <2> <3>以上所持	未使用	盾の素	36	賢者の書	43	0
102	S/輝きの盾	1	6	0	1	2	78	5	0	0	0	48	24	5	0	0	0	192	96	720	86400	108000	2	2	4	23	165	42	1	4	23	169	50	1	1	4	81	196	1	3	未使用	ｱｲﾃﾑ <0> <1>以上<br>ｱｲﾃﾑ <2> <3>以上所持	未使用	盾の素	42	賢者の書	50	0
103	C/魔王の盾	1	6	0	1	3	10	5	0	0	0	28	14	5	0	0	0	168	84	420	86400	97200	3	2	4	23	165	6	1	4	23	169	7	1	1	4	81	197	1	3	未使用	ｱｲﾃﾑ <0> <1>以上<br>ｱｲﾃﾑ <2> <3>以上所持	未使用	盾の素	6	賢者の書	7	0
104	B/伝説の盾	1	6	0	1	3	37	5	0	0	0	36	18	5	0	0	0	216	108	540	86400	97200	3	2	4	23	165	20	1	4	23	169	24	1	1	4	81	198	1	3	未使用	ｱｲﾃﾑ <0> <1>以上<br>ｱｲﾃﾑ <2> <3>以上所持	未使用	盾の素	20	賢者の書	24	0
105	C/覇王の盾	1	6	0	1	3	13	5	0	0	0	28	14	5	0	0	0	168	84	420	86400	97200	3	2	4	23	165	8	1	4	23	169	9	1	1	4	81	199	1	3	未使用	ｱｲﾃﾑ <0> <1>以上<br>ｱｲﾃﾑ <2> <3>以上所持	未使用	盾の素	8	賢者の書	9	0
106	S/ｶｲﾛｼｰﾙﾄﾞ	1	6	0	1	1	91	5	0	0	0	60	30	5	0	0	0	120	60	900	86400	118800	1	2	4	23	165	49	1	4	23	169	58	1	1	4	81	200	1	3	未使用	ｱｲﾃﾑ <0> <1>以上<br>ｱｲﾃﾑ <2> <3>以上所持	未使用	盾の素	49	賢者の書	58	0
107	C/ｽｶｰﾄ	1	5	0	1	3	13	5	28	0	0	42	0	5	168	0	0	252	0	420	86400	97200	3	2	4	23	166	8	1	4	23	169	9	1	1	4	81	209	1	3	未使用	ｱｲﾃﾑ <0> <1>以上<br>ｱｲﾃﾑ <2> <3>以上所持	未使用	鎧の素	8	賢者の書	9	0
108	B/ﾜﾝﾋﾟｰｽ	1	5	0	1	3	47	5	36	0	0	54	0	5	216	0	0	324	0	540	86400	97200	3	2	4	23	166	25	1	4	23	169	30	1	1	4	81	210	1	3	未使用	ｱｲﾃﾑ <0> <1>以上<br>ｱｲﾃﾑ <2> <3>以上所持	未使用	鎧の素	25	賢者の書	30	0
109	C/毛皮のｺｰﾄ	1	5	0	1	3	10	5	28	0	0	42	0	5	168	0	0	252	0	420	86400	97200	3	2	4	23	166	6	1	4	23	169	7	1	1	4	81	212	1	3	未使用	ｱｲﾃﾑ <0> <1>以上<br>ｱｲﾃﾑ <2> <3>以上所持	未使用	鎧の素	6	賢者の書	7	0
110	C/コート	1	5	0	1	3	16	5	28	0	0	42	0	5	168	0	0	252	0	420	86400	97200	3	2	4	23	166	9	1	4	23	169	11	1	1	4	81	213	1	3	未使用	ｱｲﾃﾑ <0> <1>以上<br>ｱｲﾃﾑ <2> <3>以上所持	未使用	鎧の素	9	賢者の書	11	0
111	C/ﾛｰﾌﾞ	1	5	0	1	3	20	5	28	0	0	42	0	5	168	0	0	252	0	420	86400	97200	3	2	4	23	166	11	1	4	23	169	13	1	1	4	81	214	1	3	未使用	ｱｲﾃﾑ <0> <1>以上<br>ｱｲﾃﾑ <2> <3>以上所持	未使用	鎧の素	11	賢者の書	13	0
112	B/上質ﾛｰﾌﾞ	1	5	0	1	3	64	5	36	0	0	54	0	5	216	0	0	324	0	540	86400	97200	3	2	4	23	166	34	1	4	23	169	40	1	1	4	81	215	1	3	未使用	ｱｲﾃﾑ <0> <1>以上<br>ｱｲﾃﾑ <2> <3>以上所持	未使用	鎧の素	34	賢者の書	40	0
113	C/紋付き袴	1	5	0	1	3	23	5	28	0	0	42	0	5	168	0	0	252	0	420	86400	97200	3	2	4	23	166	13	1	4	23	169	15	1	1	4	81	216	1	3	未使用	ｱｲﾃﾑ <0> <1>以上<br>ｱｲﾃﾑ <2> <3>以上所持	未使用	鎧の素	13	賢者の書	15	0
114	C/丈夫マント	1	5	0	1	3	26	5	28	0	0	42	0	5	168	0	0	252	0	420	86400	97200	3	2	4	23	166	14	1	4	23	169	17	1	1	4	81	218	1	3	未使用	ｱｲﾃﾑ <0> <1>以上<br>ｱｲﾃﾑ <2> <3>以上所持	未使用	鎧の素	14	賢者の書	17	0
115	B/紫マント	1	5	0	1	3	57	5	36	0	0	54	0	5	216	0	0	324	0	540	86400	97200	3	2	4	23	166	30	1	4	23	169	36	1	1	4	81	219	1	3	未使用	ｱｲﾃﾑ <0> <1>以上<br>ｱｲﾃﾑ <2> <3>以上所持	未使用	鎧の素	30	賢者の書	36	0
116	A/王のﾏﾝﾄ	1	5	0	1	2	67	5	48	0	0	72	0	5	192	0	0	288	0	720	86400	108000	2	2	4	23	166	36	1	4	23	169	43	1	1	4	81	220	1	3	未使用	ｱｲﾃﾑ <0> <1>以上<br>ｱｲﾃﾑ <2> <3>以上所持	未使用	鎧の素	36	賢者の書	43	0
117	C/皮の鎧	1	5	0	1	3	30	5	28	0	0	42	0	5	168	0	0	252	0	420	86400	97200	3	2	4	23	166	16	1	4	23	169	19	1	1	4	81	223	1	3	未使用	ｱｲﾃﾑ <0> <1>以上<br>ｱｲﾃﾑ <2> <3>以上所持	未使用	鎧の素	16	賢者の書	19	0
118	C/ﾗｲﾄﾒｲﾙ	1	5	0	1	3	33	5	28	0	0	42	0	5	168	0	0	252	0	420	86400	97200	3	2	4	23	166	18	1	4	23	169	21	1	1	4	81	224	1	3	未使用	ｱｲﾃﾑ <0> <1>以上<br>ｱｲﾃﾑ <2> <3>以上所持	未使用	鎧の素	18	賢者の書	21	0
119	B/銅の鎧	1	5	0	1	3	44	5	36	0	0	54	0	5	216	0	0	324	0	540	86400	97200	3	2	4	23	166	24	1	4	23	169	28	1	1	4	81	225	1	3	未使用	ｱｲﾃﾑ <0> <1>以上<br>ｱｲﾃﾑ <2> <3>以上所持	未使用	鎧の素	24	賢者の書	28	0
120	B/ｼﾙﾊﾞｰｱｰﾏｰ	1	5	0	1	3	50	5	36	0	0	54	0	5	216	0	0	324	0	540	86400	97200	3	2	4	23	166	27	1	4	23	169	32	1	1	4	81	226	1	3	未使用	ｱｲﾃﾑ <0> <1>以上<br>ｱｲﾃﾑ <2> <3>以上所持	未使用	鎧の素	27	賢者の書	32	0
121	A/緑の鎧	1	5	0	1	2	64	5	48	0	0	72	0	5	192	0	0	288	0	720	86400	108000	2	2	4	23	166	35	1	4	23	169	41	1	1	4	81	227	1	3	未使用	ｱｲﾃﾑ <0> <1>以上<br>ｱｲﾃﾑ <2> <3>以上所持	未使用	鎧の素	35	賢者の書	41	0
122	A/重い鎧	1	5	0	1	2	57	5	48	0	0	72	0	5	192	0	0	288	0	720	86400	108000	2	2	4	23	166	31	1	4	23	169	37	1	1	4	81	228	1	3	未使用	ｱｲﾃﾑ <0> <1>以上<br>ｱｲﾃﾑ <2> <3>以上所持	未使用	鎧の素	31	賢者の書	37	0
123	S/金の鎧	1	5	0	1	1	88	5	60	0	0	90	0	5	120	0	0	180	0	900	86400	118800	1	2	4	23	166	47	1	4	23	169	56	1	1	4	81	229	1	3	未使用	ｱｲﾃﾑ <0> <1>以上<br>ｱｲﾃﾑ <2> <3>以上所持	未使用	鎧の素	47	賢者の書	56	0
124	S/ﾌﾞﾗｯｸﾒｲﾙ	1	5	0	1	1	78	5	60	0	0	90	0	5	120	0	0	180	0	900	86400	118800	1	2	4	23	166	42	1	4	23	169	50	1	1	4	81	230	1	3	未使用	ｱｲﾃﾑ <0> <1>以上<br>ｱｲﾃﾑ <2> <3>以上所持	未使用	鎧の素	42	賢者の書	50	0
125	C/魔法使い帽	1	7	0	1	3	13	5	28	0	0	42	0	5	168	0	0	252	0	420	86400	97200	3	2	4	23	167	8	1	4	23	170	9	1	1	4	81	252	1	3	未使用	ｱｲﾃﾑ <0> <1>以上<br>ｱｲﾃﾑ <2> <3>以上所持	未使用	ﾍﾙﾒｯﾄの素	8	知の巻物	9	0
126	B/魔道帽	1	7	0	1	3	37	5	36	0	0	54	0	5	216	0	0	324	0	540	86400	97200	3	2	4	23	167	20	1	4	23	170	24	1	1	4	81	253	1	3	未使用	ｱｲﾃﾑ <0> <1>以上<br>ｱｲﾃﾑ <2> <3>以上所持	未使用	ﾍﾙﾒｯﾄの素	20	知の巻物	24	0
127	A/伝説の帽子	1	7	0	1	2	72	5	48	0	0	72	0	5	192	0	0	288	0	720	86400	108000	2	2	4	23	167	39	1	4	23	170	45	1	1	4	81	254	1	3	未使用	ｱｲﾃﾑ <0> <1>以上<br>ｱｲﾃﾑ <2> <3>以上所持	未使用	ﾍﾙﾒｯﾄの素	39	知の巻物	45	0
128	B/魔力ﾊｯﾄ	1	7	0	1	3	44	5	36	0	0	54	0	5	216	0	0	324	0	540	86400	97200	3	2	4	23	167	24	1	4	23	170	28	1	1	4	81	255	1	3	未使用	ｱｲﾃﾑ <0> <1>以上<br>ｱｲﾃﾑ <2> <3>以上所持	未使用	ﾍﾙﾒｯﾄの素	24	知の巻物	28	0
129	C/鎖帽子	1	7	0	1	3	16	5	28	0	0	42	0	5	168	0	0	252	0	420	86400	97200	3	2	4	23	167	9	1	4	23	170	11	1	1	4	81	256	1	3	未使用	ｱｲﾃﾑ <0> <1>以上<br>ｱｲﾃﾑ <2> <3>以上所持	未使用	ﾍﾙﾒｯﾄの素	9	知の巻物	11	0
130	B/ｼｬﾝﾌﾟｰﾊｯﾄ	1	7	0	1	3	50	5	36	0	0	54	0	5	216	0	0	324	0	540	86400	97200	3	2	4	23	167	27	1	4	23	170	32	1	1	4	81	257	1	3	未使用	ｱｲﾃﾑ <0> <1>以上<br>ｱｲﾃﾑ <2> <3>以上所持	未使用	ﾍﾙﾒｯﾄの素	27	知の巻物	32	0
131	A/ｶｲﾛ帽	1	7	0	1	2	76	5	48	0	0	72	0	5	192	0	0	288	0	720	86400	108000	2	2	4	23	167	41	1	4	23	170	48	1	1	4	81	258	1	3	未使用	ｱｲﾃﾑ <0> <1>以上<br>ｱｲﾃﾑ <2> <3>以上所持	未使用	ﾍﾙﾒｯﾄの素	41	知の巻物	48	0
132	S/王冠	1	7	0	1	1	85	5	60	0	0	90	0	5	120	0	0	180	0	900	86400	118800	1	2	4	23	167	46	1	4	23	170	54	1	1	4	81	259	1	3	未使用	ｱｲﾃﾑ <0> <1>以上<br>ｱｲﾃﾑ <2> <3>以上所持	未使用	ﾍﾙﾒｯﾄの素	46	知の巻物	54	0
133	A/ティアラ	1	7	0	1	1	67	5	48	0	0	72	0	5	96	0	0	144	0	720	86400	118800	1	2	4	23	167	36	1	4	23	170	43	1	1	4	81	260	1	3	未使用	ｱｲﾃﾑ <0> <1>以上<br>ｱｲﾃﾑ <2> <3>以上所持	未使用	ﾍﾙﾒｯﾄの素	36	知の巻物	43	0
134	C/衛兵帽	1	7	0	1	3	26	5	28	0	0	42	0	5	168	0	0	252	0	420	86400	97200	3	2	4	23	167	14	1	4	23	170	17	1	1	4	81	262	1	3	未使用	ｱｲﾃﾑ <0> <1>以上<br>ｱｲﾃﾑ <2> <3>以上所持	未使用	ﾍﾙﾒｯﾄの素	14	知の巻物	17	0
135	C/銅の兜	1	7	0	1	3	33	5	28	0	0	42	0	5	168	0	0	252	0	420	86400	97200	3	2	4	23	167	18	1	4	23	170	21	1	1	4	81	263	1	3	未使用	ｱｲﾃﾑ <0> <1>以上<br>ｱｲﾃﾑ <2> <3>以上所持	未使用	ﾍﾙﾒｯﾄの素	18	知の巻物	21	0
136	C/ﾍﾙﾒｯﾄ	1	7	0	1	3	40	5	28	0	0	42	0	5	168	0	0	252	0	420	86400	97200	3	2	4	23	167	21	1	4	23	170	25	1	1	4	81	264	1	3	未使用	ｱｲﾃﾑ <0> <1>以上<br>ｱｲﾃﾑ <2> <3>以上所持	未使用	ﾍﾙﾒｯﾄの素	21	知の巻物	25	0
137	B/鉄仮面	1	7	0	1	3	47	5	36	0	0	54	0	5	216	0	0	324	0	540	86400	97200	3	2	4	23	167	25	1	4	23	170	30	1	1	4	81	265	1	3	未使用	ｱｲﾃﾑ <0> <1>以上<br>ｱｲﾃﾑ <2> <3>以上所持	未使用	ﾍﾙﾒｯﾄの素	25	知の巻物	30	0
138	B/鉄の兜	1	7	0	1	3	54	5	36	0	0	54	0	5	216	0	0	324	0	540	86400	97200	3	2	4	23	167	29	1	4	23	170	34	1	1	4	81	266	1	3	未使用	ｱｲﾃﾑ <0> <1>以上<br>ｱｲﾃﾑ <2> <3>以上所持	未使用	ﾍﾙﾒｯﾄの素	29	知の巻物	34	0
139	A/黒い兜	1	7	0	1	2	74	5	48	0	0	72	0	5	192	0	0	288	0	720	86400	108000	2	2	4	23	167	40	1	4	23	170	47	1	1	4	81	267	1	3	未使用	ｱｲﾃﾑ <0> <1>以上<br>ｱｲﾃﾑ <2> <3>以上所持	未使用	ﾍﾙﾒｯﾄの素	40	知の巻物	47	0
140	S/金の兜	1	7	0	1	1	81	5	60	0	0	90	0	5	120	0	0	180	0	900	86400	118800	1	2	4	23	167	44	1	4	23	170	52	1	1	4	81	268	1	3	未使用	ｱｲﾃﾑ <0> <1>以上<br>ｱｲﾃﾑ <2> <3>以上所持	未使用	ﾍﾙﾒｯﾄの素	44	知の巻物	52	0
141	A/竜の兜	1	7	0	1	2	71	5	48	0	0	72	0	5	192	0	0	288	0	720	86400	108000	2	2	4	23	167	38	1	4	23	170	45	1	1	4	81	269	1	3	未使用	ｱｲﾃﾑ <0> <1>以上<br>ｱｲﾃﾑ <2> <3>以上所持	未使用	ﾍﾙﾒｯﾄの素	38	知の巻物	45	0
142	A/ﾛﾎﾞﾍﾙﾒｯﾄ	1	7	0	1	2	67	5	48	0	0	72	0	5	192	0	0	288	0	720	86400	108000	2	2	4	23	167	36	1	4	23	170	43	1	1	4	81	270	1	3	未使用	ｱｲﾃﾑ <0> <1>以上<br>ｱｲﾃﾑ <2> <3>以上所持	未使用	ﾍﾙﾒｯﾄの素	36	知の巻物	43	0
143	C/お守り	1	8	0	1	3	7	5	0	0	0	35	14	5	0	0	0	210	84	420	86400	97200	3	2	4	23	168	5	1	4	23	170	5	1	1	4	81	273	1	3	未使用	ｱｲﾃﾑ <0> <1>以上<br>ｱｲﾃﾑ <2> <3>以上所持	未使用	ｱｸｾｻﾘの素	5	知の巻物	5	0
144	B/青いﾍﾟﾝﾀﾞﾝﾄ	1	8	0	1	3	18	5	0	0	0	45	18	5	0	0	0	270	108	540	86400	97200	3	2	4	23	168	11	1	4	23	170	12	1	1	4	81	274	1	3	未使用	ｱｲﾃﾑ <0> <1>以上<br>ｱｲﾃﾑ <2> <3>以上所持	未使用	ｱｸｾｻﾘの素	11	知の巻物	12	0
145	A/赤いﾍﾟﾝﾀﾞﾝﾄ	1	8	0	1	2	44	5	0	0	0	60	24	5	0	0	0	240	96	720	86400	108000	2	2	4	23	168	25	1	4	23	170	29	1	1	4	81	275	1	3	未使用	ｱｲﾃﾑ <0> <1>以上<br>ｱｲﾃﾑ <2> <3>以上所持	未使用	ｱｸｾｻﾘの素	25	知の巻物	29	0
146	S/金のﾍﾟﾝﾀﾞﾝﾄ	1	8	0	1	1	71	5	0	0	0	75	30	5	0	0	0	150	60	900	86400	118800	1	2	4	23	168	39	1	4	23	170	46	1	1	4	81	276	1	3	未使用	ｱｲﾃﾑ <0> <1>以上<br>ｱｲﾃﾑ <2> <3>以上所持	未使用	ｱｸｾｻﾘの素	39	知の巻物	46	0
147	C/魔力ﾍﾟﾝﾀﾞﾝﾄ	1	8	0	1	3	8	5	0	0	0	35	14	5	0	0	0	210	84	420	86400	97200	3	2	4	23	168	5	1	4	23	170	6	1	1	4	81	277	1	3	未使用	ｱｲﾃﾑ <0> <1>以上<br>ｱｲﾃﾑ <2> <3>以上所持	未使用	ｱｸｾｻﾘの素	5	知の巻物	6	0
148	B/金のﾌﾞﾚｽﾚｯﾄ	1	8	0	1	3	20	5	0	0	0	45	18	5	0	0	0	270	108	540	86400	97200	3	2	4	23	168	12	1	4	23	170	13	1	1	4	81	278	1	3	未使用	ｱｲﾃﾑ <0> <1>以上<br>ｱｲﾃﾑ <2> <3>以上所持	未使用	ｱｸｾｻﾘの素	12	知の巻物	13	0
149	C/ﾘｽﾄﾊﾞﾝﾄﾞ	1	8	0	1	3	10	5	0	0	0	35	14	5	0	0	0	210	84	420	86400	97200	3	2	4	23	168	6	1	4	23	170	7	1	1	4	81	280	1	3	未使用	ｱｲﾃﾑ <0> <1>以上<br>ｱｲﾃﾑ <2> <3>以上所持	未使用	ｱｸｾｻﾘの素	6	知の巻物	7	0
150	S/金メダル	1	8	0	1	1	75	5	0	0	0	75	30	5	0	0	0	150	60	900	86400	118800	1	2	4	23	168	41	1	4	23	170	48	1	1	4	81	281	1	3	未使用	ｱｲﾃﾑ <0> <1>以上<br>ｱｲﾃﾑ <2> <3>以上所持	未使用	ｱｸｾｻﾘの素	41	知の巻物	48	0
151	B/首輪	1	8	0	1	3	21	5	0	0	0	45	18	5	0	0	0	270	108	540	86400	97200	3	2	4	23	168	12	1	4	23	170	14	1	1	4	81	283	1	3	未使用	ｱｲﾃﾑ <0> <1>以上<br>ｱｲﾃﾑ <2> <3>以上所持	未使用	ｱｸｾｻﾘの素	12	知の巻物	14	0
152	A/金の首輪	1	8	0	1	2	47	5	0	0	0	60	24	5	0	0	0	240	96	720	86400	108000	2	2	4	23	168	26	1	4	23	170	31	1	1	4	81	284	1	3	未使用	ｱｲﾃﾑ <0> <1>以上<br>ｱｲﾃﾑ <2> <3>以上所持	未使用	ｱｸｾｻﾘの素	26	知の巻物	31	0
153	C/ﾊﾟｰﾙの指輪	1	8	0	1	3	11	5	0	0	0	35	14	5	0	0	0	210	84	420	86400	97200	3	2	4	23	168	7	1	4	23	170	7	1	1	4	81	286	1	3	未使用	ｱｲﾃﾑ <0> <1>以上<br>ｱｲﾃﾑ <2> <3>以上所持	未使用	ｱｸｾｻﾘの素	7	知の巻物	7	0
154	B/銀の指輪	1	8	0	1	3	22	5	0	0	0	45	18	5	0	0	0	270	108	540	86400	97200	3	2	4	23	168	13	1	4	23	170	15	1	1	4	81	287	1	3	未使用	ｱｲﾃﾑ <0> <1>以上<br>ｱｲﾃﾑ <2> <3>以上所持	未使用	ｱｸｾｻﾘの素	13	知の巻物	15	0
155	A/光玉の指輪	1	8	0	1	2	51	5	0	0	0	60	24	5	0	0	0	240	96	720	86400	108000	2	2	4	23	168	28	1	4	23	170	33	1	1	4	81	288	1	3	未使用	ｱｲﾃﾑ <0> <1>以上<br>ｱｲﾃﾑ <2> <3>以上所持	未使用	ｱｸｾｻﾘの素	28	知の巻物	33	0
156	S/金の指輪	1	8	0	1	1	78	5	0	0	0	75	30	5	0	0	0	150	60	900	86400	118800	1	2	4	23	168	42	1	4	23	170	50	1	1	4	81	289	1	3	未使用	ｱｲﾃﾑ <0> <1>以上<br>ｱｲﾃﾑ <2> <3>以上所持	未使用	ｱｸｾｻﾘの素	42	知の巻物	50	0
157	C/手袋	1	8	0	1	3	12	5	0	0	0	35	14	5	0	0	0	210	84	420	86400	97200	3	2	4	23	168	7	1	4	23	170	8	1	1	4	81	290	1	3	未使用	ｱｲﾃﾑ <0> <1>以上<br>ｱｲﾃﾑ <2> <3>以上所持	未使用	ｱｸｾｻﾘの素	7	知の巻物	8	0
158	B/皮の手袋	1	8	0	1	3	24	5	0	0	0	45	18	5	0	0	0	270	108	540	86400	97200	3	2	4	23	168	14	1	4	23	170	16	1	1	4	81	291	1	3	未使用	ｱｲﾃﾑ <0> <1>以上<br>ｱｲﾃﾑ <2> <3>以上所持	未使用	ｱｸｾｻﾘの素	14	知の巻物	16	0
159	A/ｼﾙｸの手袋	1	8	0	1	2	54	5	0	0	0	60	24	5	0	0	0	240	96	720	86400	108000	2	2	4	23	168	30	1	4	23	170	35	1	1	4	81	292	1	3	未使用	ｱｲﾃﾑ <0> <1>以上<br>ｱｲﾃﾑ <2> <3>以上所持	未使用	ｱｸｾｻﾘの素	30	知の巻物	35	0
160	B/銀のｲﾔﾘﾝｸﾞ	1	8	0	1	3	27	5	0	0	0	45	18	5	0	0	0	270	108	540	86400	97200	3	2	4	23	168	15	1	4	23	170	18	1	1	4	81	293	1	3	未使用	ｱｲﾃﾑ <0> <1>以上<br>ｱｲﾃﾑ <2> <3>以上所持	未使用	ｱｸｾｻﾘの素	15	知の巻物	18	0
161	A/金のｲﾔﾘﾝｸﾞ	1	8	0	1	2	57	5	0	0	0	60	24	5	0	0	0	240	96	720	86400	108000	2	2	4	23	168	31	1	4	23	170	37	1	1	4	81	294	1	3	未使用	ｱｲﾃﾑ <0> <1>以上<br>ｱｲﾃﾑ <2> <3>以上所持	未使用	ｱｸｾｻﾘの素	31	知の巻物	37	0
162	S/王家のｲﾔﾘﾝｸﾞ	1	8	0	1	1	81	5	0	0	0	75	30	5	0	0	0	150	60	900	86400	118800	1	2	4	23	168	44	1	4	23	170	52	1	1	4	81	295	1	3	未使用	ｱｲﾃﾑ <0> <1>以上<br>ｱｲﾃﾑ <2> <3>以上所持	未使用	ｱｸｾｻﾘの素	44	知の巻物	52	0
163	A/銀のﾌﾞｰﾂ	1	8	0	1	2	61	5	0	0	0	60	24	5	0	0	0	240	96	720	86400	108000	2	2	4	23	168	33	1	4	23	170	39	1	1	4	81	299	1	3	未使用	ｱｲﾃﾑ <0> <1>以上<br>ｱｲﾃﾑ <2> <3>以上所持	未使用	ｱｸｾｻﾘの素	33	知の巻物	39	0
164	B/ブーツ	1	8	0	1	3	30	5	0	0	0	45	18	5	0	0	0	270	108	540	86400	97200	3	2	4	23	168	17	1	4	23	170	20	1	1	4	81	300	1	3	未使用	ｱｲﾃﾑ <0> <1>以上<br>ｱｲﾃﾑ <2> <3>以上所持	未使用	ｱｸｾｻﾘの素	17	知の巻物	20	0
165	S/羽付きﾌﾞｰﾂ	1	8	0	1	1	85	5	0	0	0	75	30	5	0	0	0	150	60	900	86400	118800	1	2	4	23	168	46	1	4	23	170	54	1	1	4	81	301	1	3	未使用	ｱｲﾃﾑ <0> <1>以上<br>ｱｲﾃﾑ <2> <3>以上所持	未使用	ｱｸｾｻﾘの素	46	知の巻物	54	0
166	C/ろうそく	1	8	0	1	3	14	5	0	0	0	35	14	5	0	0	0	210	84	420	86400	97200	3	2	4	23	168	8	1	4	23	170	9	1	1	4	81	302	1	3	未使用	ｱｲﾃﾑ <0> <1>以上<br>ｱｲﾃﾑ <2> <3>以上所持	未使用	ｱｸｾｻﾘの素	8	知の巻物	9	0
167	B/ふだ	1	8	0	1	3	34	5	0	0	0	45	18	5	0	0	0	270	108	540	86400	97200	3	2	4	23	168	19	1	4	23	170	22	1	1	4	81	303	1	3	未使用	ｱｲﾃﾑ <0> <1>以上<br>ｱｲﾃﾑ <2> <3>以上所持	未使用	ｱｸｾｻﾘの素	19	知の巻物	22	0
168	A/金のベル	1	8	0	1	2	64	5	0	0	0	60	24	5	0	0	0	240	96	720	86400	108000	2	2	4	23	168	35	1	4	23	170	41	1	1	4	81	304	1	3	未使用	ｱｲﾃﾑ <0> <1>以上<br>ｱｲﾃﾑ <2> <3>以上所持	未使用	ｱｸｾｻﾘの素	35	知の巻物	41	0
169	B/赤いリボン	1	8	0	1	3	37	5	0	0	0	45	18	5	0	0	0	270	108	540	86400	97200	3	2	4	23	168	20	1	4	23	170	24	1	1	4	81	305	1	3	未使用	ｱｲﾃﾑ <0> <1>以上<br>ｱｲﾃﾑ <2> <3>以上所持	未使用	ｱｸｾｻﾘの素	20	知の巻物	24	0
170	A/リボン	1	8	0	1	2	67	5	0	0	0	60	24	5	0	0	0	240	96	720	86400	108000	2	2	4	23	168	36	1	4	23	170	43	1	1	4	81	306	1	3	未使用	ｱｲﾃﾑ <0> <1>以上<br>ｱｲﾃﾑ <2> <3>以上所持	未使用	ｱｸｾｻﾘの素	36	知の巻物	43	0
171	C/木彫り像	1	8	0	1	3	15	5	0	0	0	35	14	5	0	0	0	210	84	420	86400	97200	3	2	4	23	168	9	1	4	23	170	10	1	1	4	81	307	1	3	未使用	ｱｲﾃﾑ <0> <1>以上<br>ｱｲﾃﾑ <2> <3>以上所持	未使用	ｱｸｾｻﾘの素	9	知の巻物	10	0
172	C/布袋	1	8	0	1	3	16	5	0	0	0	35	14	5	0	0	0	210	84	420	86400	97200	3	2	4	23	168	9	1	4	23	170	11	1	1	4	81	308	1	3	未使用	ｱｲﾃﾑ <0> <1>以上<br>ｱｲﾃﾑ <2> <3>以上所持	未使用	ｱｸｾｻﾘの素	9	知の巻物	11	0
173	B/黄金袋	1	8	0	1	3	40	5	0	0	0	45	18	5	0	0	0	270	108	540	86400	97200	3	2	4	23	168	22	1	4	23	170	26	1	1	4	81	309	1	3	未使用	ｱｲﾃﾑ <0> <1>以上<br>ｱｲﾃﾑ <2> <3>以上所持	未使用	ｱｸｾｻﾘの素	22	知の巻物	26	0
174	S/ｿﾌ子ﾌｨｷﾞｭｱ	1	8	0	1	1	88	5	0	0	0	75	30	5	0	0	0	150	60	900	86400	118800	1	2	4	23	168	47	1	4	23	170	56	1	1	4	81	310	1	3	未使用	ｱｲﾃﾑ <0> <1>以上<br>ｱｲﾃﾑ <2> <3>以上所持	未使用	ｱｸｾｻﾘの素	47	知の巻物	56	0
175	土地(小)	0	1	1	1	999	999	5	1	3	0	0	0	5	100	300	0	0	0	60	259200	21600	-1	1	3	15	1000	1	1	4	35	29	2	1	未使用	研究してみましょう	未使用	丈夫な板	0	銅貨	1	1
176	土地(中)	0	1	1	1	999	13	5	0	15	0	5	0	5	0	1500	0	500	0	300	259200	21600	-1	2	4	23	76	18	1	3	90	285	1	1	4	35	30	2	1	未使用	ｱｲﾃﾑ <0> <1>以上<br>ｱｲﾃﾑ <2> <3>以上所持	未使用	大きいクギ	18	銅貨	285	0
177	土地(大)	0	1	1	1	999	21	5	0	30	0	10	0	5	0	3000	0	1000	0	600	259200	21600	-1	2	4	23	77	31	1	3	90	1125	1	1	4	35	31	2	1	未使用	ｱｲﾃﾑ <0> <1>以上<br>ｱｲﾃﾑ <2> <3>以上所持	未使用	固めのロープ	31	銅貨	1125	0
178	土地(特大)	0	1	1	1	999	34	5	0	60	0	20	0	5	0	6000	0	2000	0	1200	259200	21600	-1	2	4	23	78	51	1	3	90	3645	1	1	4	35	32	2	1	未使用	ｱｲﾃﾑ <0> <1>以上<br>ｱｲﾃﾑ <2> <3>以上所持	未使用	上質レンガ	51	銅貨	3645	0
179	あぜ道	0	4	1	1	999	999	5	1	3	0	0	0	5	100	300	0	0	0	60	259200	21600	-1	1	3	15	1000	1	1	4	35	33	25	1	未使用	研究してみましょう	未使用	丈夫な板	0	銅貨	1	0
180	道路	0	4	1	1	999	12	5	0	20	0	10	0	5	0	2000	0	1000	0	300	259200	21600	-1	2	4	23	76	16	1	3	90	175	1	1	4	35	34	25	1	未使用	ｱｲﾃﾑ <0> <1>以上<br>ｱｲﾃﾑ <2> <3>以上所持	未使用	大きいクギ	16	銅貨	175	0
181	橋	0	4	1	1	999	16	5	5	25	0	0	0	5	500	2500	0	0	0	300	259200	21600	-1	2	4	23	77	22	1	3	90	300	1	1	4	35	36	25	1	未使用	ｱｲﾃﾑ <0> <1>以上<br>ｱｲﾃﾑ <2> <3>以上所持	未使用	固めのロープ	22	銅貨	300	0
182	松明	0	1	0	1	10	12	5	3	9	0	0	0	5	60	180	0	0	0	180	86400	21600	10	2	4	23	78	20	1	3	90	135	1	1	4	35	79	1	1	未使用	ｱｲﾃﾑ <0> <1>以上<br>ｱｲﾃﾑ <2> <3>以上所持	未使用	上質レンガ	20	銅貨	135	0
183	夜の集り場	0	1	0	1	10	20	5	6	18	0	0	0	5	120	360	0	0	0	360	86400	21600	10	2	4	23	75	31	1	3	90	1265	1	1	4	35	80	1	1	未使用	ｱｲﾃﾑ <0> <1>以上<br>ｱｲﾃﾑ <2> <3>以上所持	未使用	丈夫な板	31	銅貨	1265	0
184	低い見張り台	0	1	0	1	10	32	5	12	36	0	0	0	5	240	720	0	0	0	720	86400	21600	10	2	4	23	76	49	1	3	90	5550	1	1	4	35	81	1	1	未使用	ｱｲﾃﾑ <0> <1>以上<br>ｱｲﾃﾑ <2> <3>以上所持	未使用	大きいクギ	49	銅貨	5550	0
185	やぐら	0	1	0	1	10	50	5	18	54	0	0	0	5	360	1080	0	0	0	1080	86400	21600	10	2	4	23	77	75	1	3	90	9999	1	1	4	35	82	1	1	未使用	ｱｲﾃﾑ <0> <1>以上<br>ｱｲﾃﾑ <2> <3>以上所持	未使用	固めのロープ	75	銅貨	9999	0
186	倉庫 野草	0	0	1	1	999	999	5	1	3	0	0	0	5	100	300	0	0	0	60	259200	21600	-1	1	3	15	1000	1	1	4	35	84	2	1	未使用	研究してみましょう	未使用	上質レンガ	0	銅貨	1	0
187	倉庫 木材	0	0	1	1	999	999	5	2	6	0	0	0	5	200	600	0	0	0	120	259200	21600	-1	1	3	15	1000	1	1	4	35	85	2	1	未使用	研究してみましょう	未使用	丈夫な板	0	銅貨	1	0
188	倉庫 食糧	0	0	1	1	999	999	5	0	9	3	0	0	5	0	900	300	0	0	180	259200	21600	-1	1	3	15	1000	1	1	4	35	86	2	1	未使用	研究してみましょう	未使用	大きいクギ	0	銅貨	1	0
189	倉庫 鉱石	0	0	1	1	999	999	5	0	12	0	4	0	5	0	1200	0	400	0	240	259200	21600	-1	1	3	15	1000	1	1	4	35	87	2	1	未使用	研究してみましょう	未使用	固めのロープ	0	銅貨	1	0
190	倉庫 魔石	0	0	1	1	999	999	5	0	15	0	0	5	5	0	1500	0	0	500	300	259200	21600	-1	1	3	15	1000	1	1	4	35	88	2	1	未使用	研究してみましょう	未使用	上質レンガ	0	銅貨	1	0
191	倉庫 ｱｲﾃﾑ	0	0	1	1	999	999	5	0	3	0	1	0	5	0	300	0	100	0	60	259200	21600	-1	1	3	15	1000	1	1	4	35	89	2	1	未使用	研究してみましょう	未使用	丈夫な板	0	銅貨	1	0
192	倉庫 ｴﾅｼﾞｰ	0	0	1	1	999	999	5	0	9	0	3	0	5	0	900	0	300	0	180	259200	21600	-1	1	3	15	1000	1	1	4	35	90	1	1	未使用	研究してみましょう	未使用	大きいクギ	0	銅貨	1	0
193	倉庫 宝物	0	0	1	1	999	999	5	0	6	0	2	0	5	0	600	0	200	0	120	259200	21600	-1	1	3	15	1000	1	1	4	35	91	2	1	未使用	研究してみましょう	未使用	固めのロープ	0	銅貨	1	0
194	畑	0	1	0	1	10	999	5	3	5	0	0	0	5	60	100	0	0	0	60	86400	21600	10	1	3	15	1000	1	1	4	35	92	1	1	未使用	研究してみましょう	未使用	上質レンガ	0	銅貨	1	0
195	造林所	0	1	0	1	10	999	5	4	12	0	0	0	5	80	240	0	0	0	120	86400	21600	10	1	3	15	1000	1	1	4	35	93	1	1	未使用	研究してみましょう	未使用	丈夫な板	0	銅貨	1	0
196	用水路	0	1	0	1	999	999	5	5	15	0	0	0	5	500	1500	0	0	0	300	259200	21600	-1	1	3	15	1000	1	1	4	35	94	5	1	未使用	研究してみましょう	未使用	大きいクギ	0	銅貨	1	0
197	牧場	0	9	1	1	10	999	5	3	9	0	0	0	5	60	180	0	0	0	180	86400	21600	10	1	3	15	1000	1	1	4	35	95	1	1	未使用	研究してみましょう	未使用	固めのロープ	0	銅貨	1	0
198	発掘 鉱石	0	1	0	1	5	16	5	0	12	0	20	0	5	0	240	0	400	0	240	86400	75600	5	2	4	23	78	22	1	3	90	320	1	1	4	35	96	1	1	未使用	ｱｲﾃﾑ <0> <1>以上<br>ｱｲﾃﾑ <2> <3>以上所持	未使用	上質レンガ	22	銅貨	320	0
199	発掘 魔石	0	1	0	1	5	20	5	0	0	0	25	30	5	0	0	0	500	600	300	86400	75600	5	2	4	23	75	27	1	3	90	510	1	1	4	35	97	1	1	未使用	ｱｲﾃﾑ <0> <1>以上<br>ｱｲﾃﾑ <2> <3>以上所持	未使用	丈夫な板	27	銅貨	510	0
200	発掘 ｴﾅｼﾞｰ	0	2	1	1	5	999	5	0	0	0	12	6	5	0	0	0	240	120	180	86400	75600	5	1	3	15	1000	1	1	4	35	98	1	1	未使用	研究してみましょう	未使用	大きいクギ	0	銅貨	1	0
201	防壁 柵	0	3	1	1	999	4	5	0	1	0	1	0	5	0	100	0	100	0	60	259200	21600	-1	2	4	23	77	4	1	3	90	10	1	1	4	35	99	25	1	未使用	ｱｲﾃﾑ <0> <1>以上<br>ｱｲﾃﾑ <2> <3>以上所持	未使用	固めのロープ	4	銅貨	10	0
202	防壁 木製	0	3	1	1	999	13	5	0	6	0	3	0	5	0	600	0	300	0	180	259200	21600	-1	2	4	23	78	17	1	3	90	175	1	1	4	35	100	25	1	未使用	ｱｲﾃﾑ <0> <1>以上<br>ｱｲﾃﾑ <2> <3>以上所持	未使用	上質レンガ	17	銅貨	175	0
203	強防壁	0	3	1	1	999	26	5	0	15	0	5	0	5	0	1500	0	500	0	300	259200	21600	-1	2	4	23	75	36	1	3	90	1185	1	1	4	35	101	25	1	未使用	ｱｲﾃﾑ <0> <1>以上<br>ｱｲﾃﾑ <2> <3>以上所持	未使用	丈夫な板	36	銅貨	1185	0
204	城壁	0	3	1	1	999	37	5	0	24	0	6	0	5	0	2400	0	600	0	360	259200	21600	-1	2	4	23	76	52	1	3	90	3030	1	1	4	35	102	25	1	未使用	ｱｲﾃﾑ <0> <1>以上<br>ｱｲﾃﾑ <2> <3>以上所持	未使用	大きいクギ	52	銅貨	3030	0
205	防壁用玄関	0	3	1	1	25	7	5	10	20	0	0	0	5	200	400	0	0	0	120	86400	3600	25	2	4	23	77	9	1	3	90	35	1	1	4	35	103	1	1	未使用	ｱｲﾃﾑ <0> <1>以上<br>ｱｲﾃﾑ <2> <3>以上所持	未使用	固めのロープ	9	銅貨	35	0
206	仮設救護施設	0	1	0	1	15	4	5	1	3	0	0	0	5	20	60	0	0	0	60	86400	3600	15	2	4	23	78	4	1	3	90	10	1	1	4	35	106	1	1	未使用	ｱｲﾃﾑ <0> <1>以上<br>ｱｲﾃﾑ <2> <3>以上所持	未使用	上質レンガ	4	銅貨	10	0
207	屋外宝箱解析所	0	1	0	1	20	7	5	0	6	0	2	0	5	0	120	0	40	0	120	86400	3600	20	2	4	23	75	9	1	3	90	40	1	1	4	35	107	1	1	未使用	ｱｲﾃﾑ <0> <1>以上<br>ｱｲﾃﾑ <2> <3>以上所持	未使用	丈夫な板	9	銅貨	40	0
208	屋外研究所	0	1	0	1	5	999	5	3	5	0	0	0	5	60	100	0	0	0	60	86400	75600	5	1	3	15	1000	1	1	4	35	108	1	1	未使用	研究してみましょう	未使用	大きいクギ	0	銅貨	1	1
209	荷車置き場	0	1	0	1	10	15	5	3	9	0	0	0	5	60	180	0	0	0	180	86400	21600	10	2	4	23	77	20	1	3	90	185	1	1	4	35	109	1	1	未使用	ｱｲﾃﾑ <0> <1>以上<br>ｱｲﾃﾑ <2> <3>以上所持	未使用	固めのロープ	20	銅貨	185	0
210	馬小屋	0	1	0	1	50	12	5	12	12	0	0	0	5	240	240	0	0	0	240	259200	3600	50	2	4	23	78	17	1	3	90	230	1	1	4	35	110	1	1	未使用	ｱｲﾃﾑ <0> <1>以上<br>ｱｲﾃﾑ <2> <3>以上所持	未使用	上質レンガ	17	銅貨	230	0
211	荒地案内	0	1	0	1	10	15	5	10	20	0	0	0	5	200	400	0	0	0	300	86400	21600	10	2	4	23	75	20	1	3	90	260	1	1	4	35	111	1	1	未使用	ｱｲﾃﾑ <0> <1>以上<br>ｱｲﾃﾑ <2> <3>以上所持	未使用	丈夫な板	20	銅貨	260	0
212	井戸	0	1	0	1	20	999	5	0	3	0	3	0	5	0	60	0	60	0	60	86400	3600	20	1	3	15	1000	1	1	4	35	112	1	1	未使用	研究してみましょう	未使用	大きいクギ	0	銅貨	1	0
213	回復の泉	0	1	0	1	20	14	5	3	9	0	0	0	5	60	180	0	0	0	180	86400	3600	20	2	4	23	77	18	1	3	90	160	1	1	4	35	113	1	1	未使用	ｱｲﾃﾑ <0> <1>以上<br>ｱｲﾃﾑ <2> <3>以上所持	未使用	固めのロープ	18	銅貨	160	0
214	魔物の像	0	1	0	1	10	12	5	2	6	0	0	0	5	40	120	0	0	0	120	86400	21600	10	2	4	23	78	16	1	3	90	120	1	1	4	35	114	1	1	未使用	ｱｲﾃﾑ <0> <1>以上<br>ｱｲﾃﾑ <2> <3>以上所持	未使用	上質レンガ	16	銅貨	120	0
215	魔物除け 玉	0	1	0	1	10	16	5	3	9	0	0	0	5	60	180	0	0	0	180	86400	21600	10	2	4	23	75	21	1	3	90	240	1	1	4	35	115	1	1	未使用	ｱｲﾃﾑ <0> <1>以上<br>ｱｲﾃﾑ <2> <3>以上所持	未使用	丈夫な板	21	銅貨	240	0
216	魔物除け 剣	0	1	0	1	10	19	5	3	9	0	0	0	5	60	180	0	0	0	180	86400	21600	10	2	4	23	76	25	1	3	90	310	1	1	4	35	116	1	1	未使用	ｱｲﾃﾑ <0> <1>以上<br>ｱｲﾃﾑ <2> <3>以上所持	未使用	大きいクギ	25	銅貨	310	0
217	魔物除け 石碑	0	1	0	1	10	21	5	4	12	0	0	0	5	80	240	0	0	0	240	86400	21600	10	2	4	23	77	28	1	3	90	455	1	1	4	35	117	1	1	未使用	ｱｲﾃﾑ <0> <1>以上<br>ｱｲﾃﾑ <2> <3>以上所持	未使用	固めのロープ	28	銅貨	455	0
218	風車	0	1	0	1	5	35	5	4	12	0	0	0	5	80	240	0	0	0	240	86400	75600	5	2	4	23	78	47	1	3	90	680	1	1	4	35	118	1	1	未使用	ｱｲﾃﾑ <0> <1>以上<br>ｱｲﾃﾑ <2> <3>以上所持	未使用	上質レンガ	47	銅貨	680	0
219	女神像	0	1	0	1	10	28	5	5	15	0	0	0	5	100	300	0	0	0	300	86400	21600	10	2	4	23	75	38	1	3	90	635	1	1	4	35	119	1	1	未使用	ｱｲﾃﾑ <0> <1>以上<br>ｱｲﾃﾑ <2> <3>以上所持	未使用	丈夫な板	38	銅貨	635	0
220	簡易かまど	0	1	0	1	15	999	5	1	3	0	0	0	5	20	60	0	0	0	60	86400	3600	15	1	3	15	1000	1	1	4	35	120	1	1	未使用	研究してみましょう	未使用	大きいクギ	0	銅貨	1	0
221	たきび	0	1	0	1	20	10	5	1	3	0	0	0	5	20	60	0	0	0	60	86400	3600	20	2	4	23	77	12	1	3	90	40	1	1	4	35	121	1	1	未使用	ｱｲﾃﾑ <0> <1>以上<br>ｱｲﾃﾑ <2> <3>以上所持	未使用	固めのロープ	12	銅貨	40	0
222	噴水	0	1	0	1	15	17	5	3	9	0	0	0	5	60	180	0	0	0	180	86400	3600	15	2	4	23	78	22	1	3	90	210	1	1	4	35	122	1	1	未使用	ｱｲﾃﾑ <0> <1>以上<br>ｱｲﾃﾑ <2> <3>以上所持	未使用	上質レンガ	22	銅貨	210	0
223	花壇	0	1	0	1	50	7	5	3	3	0	0	0	5	60	60	0	0	0	60	259200	3600	50	2	4	23	75	8	1	3	90	25	1	1	4	35	123	5	1	未使用	ｱｲﾃﾑ <0> <1>以上<br>ｱｲﾃﾑ <2> <3>以上所持	未使用	丈夫な板	8	銅貨	25	0
224	植え込み	0	1	0	1	50	8	5	3	5	0	0	0	5	60	100	0	0	0	60	259200	3600	50	2	4	23	76	10	1	3	90	30	1	1	4	35	124	5	1	未使用	ｱｲﾃﾑ <0> <1>以上<br>ｱｲﾃﾑ <2> <3>以上所持	未使用	大きいクギ	10	銅貨	30	0
225	植林	0	1	0	1	50	10	5	8	10	0	0	0	5	160	200	0	0	0	120	259200	3600	50	2	4	23	77	13	1	3	90	75	1	1	4	35	125	5	1	未使用	ｱｲﾃﾑ <0> <1>以上<br>ｱｲﾃﾑ <2> <3>以上所持	未使用	固めのロープ	13	銅貨	75	0
226	いこいの場	0	1	0	1	15	999	5	0	4	0	2	0	5	0	80	0	40	0	120	86400	3600	15	1	3	15	1000	1	1	4	35	126	1	1	未使用	研究してみましょう	未使用	上質レンガ	0	銅貨	1	0
227	遠征小屋	0	1	0	1	5	15	5	0	40	40	0	0	5	0	800	800	0	0	240	86400	75600	5	2	4	23	75	21	1	3	90	345	1	1	4	35	127	1	1	未使用	ｱｲﾃﾑ <0> <1>以上<br>ｱｲﾃﾑ <2> <3>以上所持	未使用	丈夫な板	21	銅貨	345	0
228	動物のエサ	0	9	1	1	5	999	5	6	0	3	0	0	5	120	0	60	0	0	180	86400	75600	5	1	3	15	1000	1	1	4	35	128	1	1	未使用	研究してみましょう	未使用	大きいクギ	0	銅貨	1	0
229	棘の罠	0	1	0	1	25	13	5	0	10	0	10	0	5	0	200	0	200	0	120	86400	3600	25	2	4	23	77	17	1	3	90	105	1	1	4	35	129	1	1	未使用	ｱｲﾃﾑ <0> <1>以上<br>ｱｲﾃﾑ <2> <3>以上所持	未使用	固めのロープ	17	銅貨	105	0
230	ベンチ	0	1	0	1	25	999	5	2	5	0	0	0	5	40	100	0	0	0	60	86400	3600	25	1	3	15	1000	1	1	4	35	130	1	1	未使用	研究してみましょう	未使用	上質レンガ	0	銅貨	1	0
231	ﾄﾞﾗｺﾞﾝ小屋	0	1	0	1	25	999	5	80	80	0	0	0	5	1600	1600	0	0	0	480	86400	3600	25	1	3	15	1000	1	1	4	35	216	1	1	未使用	研究してみましょう	未使用	丈夫な板	0	銅貨	1	0
232	ﾓﾝｽﾀｰ小屋	0	6	1	1	20	999	5	5	15	0	0	0	5	100	300	0	0	0	300	86400	3600	20	1	3	15	1000	1	1	4	35	218	1	1	未使用	研究してみましょう	未使用	大きいクギ	0	銅貨	1	0
233	遠征回復所	0	1	0	1	10	999	5	0	9	15	0	0	5	0	180	300	0	0	180	86400	21600	10	1	3	15	1000	1	1	4	35	224	1	1	未使用	研究してみましょう	未使用	固めのロープ	0	銅貨	1	0
234	ﾌﾚﾝﾄﾞﾍﾞｯﾄﾞ	0	7	1	1	6	999	5	25	40	0	0	0	5	500	800	0	0	0	300	86400	64800	6	1	3	15	1000	1	1	4	35	243	1	1	未使用	研究してみましょう	未使用	鉄鉱石	0	銅貨	1	0
235	観光客ﾍﾞｯﾄﾞ	0	7	1	1	15	16	5	3	9	0	0	0	5	60	180	0	0	0	180	86400	3600	15	2	4	23	80	23	1	3	90	425	1	1	4	35	244	1	1	未使用	ｱｲﾃﾑ <0> <1>以上<br>ｱｲﾃﾑ <2> <3>以上所持	未使用	銅	23	銅貨	425	0
236	同居ベッド	0	7	1	1	50	999	5	6	10	0	0	0	5	120	200	0	0	0	120	259200	3600	50	1	3	15	1000	1	1	4	35	134	1	1	未使用	研究してみましょう	未使用	金塊	0	銅貨	1	0
237	赤い絨毯	0	8	1	1	50	6	5	1	3	0	0	0	5	20	60	0	0	0	60	259200	3600	50	2	4	23	82	7	1	3	90	20	1	1	4	35	135	10	1	未使用	ｱｲﾃﾑ <0> <1>以上<br>ｱｲﾃﾑ <2> <3>以上所持	未使用	ｼﾙｸの布	7	銅貨	20	0
238	ﾌｶﾌｶ絨毯	0	8	1	1	50	11	5	2	6	0	0	0	5	40	120	0	0	0	120	259200	3600	50	2	4	23	83	14	1	3	90	95	1	1	4	35	136	10	1	未使用	ｱｲﾃﾑ <0> <1>以上<br>ｱｲﾃﾑ <2> <3>以上所持	未使用	丈夫な布	14	銅貨	95	0
239	黒い敷物	0	8	1	1	50	16	5	3	9	0	0	0	5	60	180	0	0	0	180	259200	3600	50	2	4	23	84	21	1	3	90	240	1	1	4	35	137	10	1	未使用	ｱｲﾃﾑ <0> <1>以上<br>ｱｲﾃﾑ <2> <3>以上所持	未使用	ｷﾚｲな布	21	銅貨	240	0
240	訓練場	0	3	0	1	25	8	5	6	10	0	0	0	5	120	200	0	0	0	120	86400	3600	25	2	4	23	79	12	1	3	90	50	1	1	4	35	159	1	1	未使用	ｱｲﾃﾑ <0> <1>以上<br>ｱｲﾃﾑ <2> <3>以上所持	未使用	鉄鉱石	12	銅貨	50	0
241	射撃訓練場	0	3	0	1	25	12	5	9	15	0	0	0	5	180	300	0	0	0	180	86400	3600	25	2	4	23	80	17	1	3	90	210	1	1	4	35	160	1	1	未使用	ｱｲﾃﾑ <0> <1>以上<br>ｱｲﾃﾑ <2> <3>以上所持	未使用	銅	17	銅貨	210	0
242	魔法訓練場	0	3	0	1	25	15	5	12	20	0	0	0	5	240	400	0	0	0	240	86400	3600	25	2	4	23	81	22	1	3	90	455	1	1	4	35	161	1	1	未使用	ｱｲﾃﾑ <0> <1>以上<br>ｱｲﾃﾑ <2> <3>以上所持	未使用	金塊	22	銅貨	455	0
243	鉱石精製所	0	3	0	1	10	17	5	0	12	0	20	0	5	0	240	0	400	0	240	86400	21600	10	2	4	23	82	24	1	3	90	475	1	1	4	35	162	1	1	未使用	ｱｲﾃﾑ <0> <1>以上<br>ｱｲﾃﾑ <2> <3>以上所持	未使用	ｼﾙｸの布	24	銅貨	475	0
244	机	0	3	0	1	50	9	5	6	15	0	0	0	5	120	300	0	0	0	180	259200	3600	50	2	4	23	83	11	1	3	90	55	1	1	4	35	163	2	1	未使用	ｱｲﾃﾑ <0> <1>以上<br>ｱｲﾃﾑ <2> <3>以上所持	未使用	丈夫な布	11	銅貨	55	0
245	ﾀﾞｲﾆﾝｸﾞﾃｰﾌﾞﾙ	0	3	0	1	50	11	5	2	10	0	0	0	5	40	200	0	0	0	120	259200	3600	50	2	4	23	84	14	1	3	90	65	1	1	4	35	164	2	1	未使用	ｱｲﾃﾑ <0> <1>以上<br>ｱｲﾃﾑ <2> <3>以上所持	未使用	ｷﾚｲな布	14	銅貨	65	0
246	ソファ	0	3	0	1	50	14	5	10	6	0	0	0	5	200	120	0	0	0	120	259200	3600	50	2	4	23	79	18	1	3	90	85	1	1	4	35	165	2	1	未使用	ｱｲﾃﾑ <0> <1>以上<br>ｱｲﾃﾑ <2> <3>以上所持	未使用	鉄鉱石	18	銅貨	85	0
247	椅子	0	3	0	1	50	16	5	3	15	0	0	0	5	60	300	0	0	0	180	259200	3600	50	2	4	23	80	21	1	3	90	140	1	1	4	35	166	2	1	未使用	ｱｲﾃﾑ <0> <1>以上<br>ｱｲﾃﾑ <2> <3>以上所持	未使用	銅	21	銅貨	140	0
248	水がめ	0	3	0	1	50	9	5	0	3	2	0	0	5	0	60	40	0	0	60	259200	3600	50	2	4	23	81	11	1	3	90	30	1	1	4	35	167	2	1	未使用	ｱｲﾃﾑ <0> <1>以上<br>ｱｲﾃﾑ <2> <3>以上所持	未使用	金塊	11	銅貨	30	0
249	工具精製所	0	3	0	1	10	14	5	0	15	0	9	0	5	0	300	0	180	0	180	86400	21600	10	2	4	23	82	19	1	3	90	210	1	1	4	35	168	1	1	未使用	ｱｲﾃﾑ <0> <1>以上<br>ｱｲﾃﾑ <2> <3>以上所持	未使用	ｼﾙｸの布	19	銅貨	210	0
250	キャンドル	0	3	0	1	20	8	5	10	0	0	4	0	5	200	0	0	80	0	120	86400	3600	20	2	4	23	83	10	1	3	90	40	1	1	4	35	169	2	1	未使用	ｱｲﾃﾑ <0> <1>以上<br>ｱｲﾃﾑ <2> <3>以上所持	未使用	丈夫な布	10	銅貨	40	0
251	苗置き場	0	3	0	1	10	17	5	18	24	0	0	0	5	360	480	0	0	0	180	86400	21600	10	2	4	23	84	23	1	3	90	275	1	1	4	35	170	1	1	未使用	ｱｲﾃﾑ <0> <1>以上<br>ｱｲﾃﾑ <2> <3>以上所持	未使用	ｷﾚｲな布	23	銅貨	275	0
252	鎧の置物	0	3	0	1	50	18	5	0	10	0	6	0	5	0	200	0	120	0	120	259200	3600	50	2	4	23	79	24	1	3	90	210	1	1	4	35	171	2	1	未使用	ｱｲﾃﾑ <0> <1>以上<br>ｱｲﾃﾑ <2> <3>以上所持	未使用	鉄鉱石	24	銅貨	210	0
253	洋服タンス	0	3	0	1	50	12	5	6	10	0	0	0	5	120	200	0	0	0	120	259200	3600	50	2	4	23	80	18	1	3	90	175	1	1	4	35	172	2	1	未使用	ｱｲﾃﾑ <0> <1>以上<br>ｱｲﾃﾑ <2> <3>以上所持	未使用	銅	18	銅貨	175	0
254	調理台	0	3	0	1	50	16	5	0	9	0	12	0	5	0	180	0	240	0	180	259200	3600	50	2	4	23	81	21	1	3	90	240	1	1	4	35	173	2	1	未使用	ｱｲﾃﾑ <0> <1>以上<br>ｱｲﾃﾑ <2> <3>以上所持	未使用	金塊	21	銅貨	240	0
255	棚	0	3	0	1	50	13	5	6	10	0	0	0	5	120	200	0	0	0	120	259200	3600	50	2	4	23	82	16	1	3	90	75	1	1	4	35	174	2	1	未使用	ｱｲﾃﾑ <0> <1>以上<br>ｱｲﾃﾑ <2> <3>以上所持	未使用	ｼﾙｸの布	16	銅貨	75	0
256	本棚	0	3	0	1	50	14	5	12	24	0	0	0	5	240	480	0	0	0	180	259200	3600	50	2	4	23	83	19	1	3	90	210	1	1	4	35	175	2	1	未使用	ｱｲﾃﾑ <0> <1>以上<br>ｱｲﾃﾑ <2> <3>以上所持	未使用	丈夫な布	19	銅貨	210	0
257	タンス	0	3	0	1	50	18	5	12	20	0	0	0	5	240	400	0	0	0	240	259200	3600	50	2	4	23	84	25	1	3	90	455	1	1	4	35	176	2	1	未使用	ｱｲﾃﾑ <0> <1>以上<br>ｱｲﾃﾑ <2> <3>以上所持	未使用	ｷﾚｲな布	25	銅貨	455	0
258	キッチン棚	0	3	0	1	50	22	5	3	9	0	0	0	5	60	180	0	0	0	180	259200	3600	50	2	4	23	79	30	1	3	90	595	1	1	4	35	177	2	1	未使用	ｱｲﾃﾑ <0> <1>以上<br>ｱｲﾃﾑ <2> <3>以上所持	未使用	鉄鉱石	30	銅貨	595	0
259	花瓶	0	3	0	1	50	10	5	5	2	0	0	0	5	100	40	0	0	0	60	259200	3600	50	2	4	23	80	12	1	3	90	40	1	1	4	35	178	2	1	未使用	ｱｲﾃﾑ <0> <1>以上<br>ｱｲﾃﾑ <2> <3>以上所持	未使用	銅	12	銅貨	40	0
260	動物ｵﾌﾞｼﾞｪ	0	3	0	1	50	17	5	10	10	0	0	0	5	200	200	0	0	0	120	259200	3600	50	2	4	23	81	24	1	3	90	320	1	1	4	35	179	2	1	未使用	ｱｲﾃﾑ <0> <1>以上<br>ｱｲﾃﾑ <2> <3>以上所持	未使用	金塊	24	銅貨	320	0
261	鏡台	0	3	0	1	50	17	5	0	4	0	8	0	5	0	80	0	160	0	120	259200	3600	50	2	4	23	82	23	1	3	90	230	1	1	4	35	180	2	1	未使用	ｱｲﾃﾑ <0> <1>以上<br>ｱｲﾃﾑ <2> <3>以上所持	未使用	ｼﾙｸの布	23	銅貨	230	0
262	かまど	0	3	0	1	50	15	5	0	6	0	6	0	5	0	120	0	120	0	120	259200	3600	50	2	4	23	83	20	1	3	90	165	1	1	4	35	181	2	1	未使用	ｱｲﾃﾑ <0> <1>以上<br>ｱｲﾃﾑ <2> <3>以上所持	未使用	丈夫な布	20	銅貨	165	0
263	暖炉	0	3	0	1	50	29	5	0	30	0	15	0	5	0	600	0	300	0	180	259200	3600	50	2	4	23	84	39	1	3	90	765	1	1	4	35	182	2	1	未使用	ｱｲﾃﾑ <0> <1>以上<br>ｱｲﾃﾑ <2> <3>以上所持	未使用	ｷﾚｲな布	39	銅貨	765	0
264	窓	0	3	0	1	50	35	5	0	20	0	40	0	5	0	400	0	800	0	240	259200	3600	50	2	4	23	79	46	1	3	90	455	1	1	4	35	183	2	1	未使用	ｱｲﾃﾑ <0> <1>以上<br>ｱｲﾃﾑ <2> <3>以上所持	未使用	鉄鉱石	46	銅貨	455	0
265	お風呂	0	3	0	1	50	13	5	8	12	0	0	0	5	160	240	0	0	0	120	259200	3600	50	2	4	23	80	17	1	3	90	105	1	1	4	35	184	2	1	未使用	ｱｲﾃﾑ <0> <1>以上<br>ｱｲﾃﾑ <2> <3>以上所持	未使用	銅	17	銅貨	105	0
266	回復の風呂	0	3	0	1	50	16	5	3	9	0	0	0	5	60	180	0	0	0	180	259200	3600	50	2	4	23	81	21	1	3	90	140	1	1	4	35	185	2	1	未使用	ｱｲﾃﾑ <0> <1>以上<br>ｱｲﾃﾑ <2> <3>以上所持	未使用	金塊	21	銅貨	140	0
267	輝く石	0	3	0	1	50	26	5	2	6	0	0	0	5	40	120	0	0	0	120	259200	3600	50	2	4	23	82	34	1	3	90	175	1	1	4	35	186	2	1	未使用	ｱｲﾃﾑ <0> <1>以上<br>ｱｲﾃﾑ <2> <3>以上所持	未使用	ｼﾙｸの布	34	銅貨	175	0
268	観葉植物	0	3	0	1	50	10	5	1	3	0	0	0	5	20	60	0	0	0	60	259200	3600	50	2	4	23	83	12	1	3	90	40	1	1	4	35	187	2	1	未使用	ｱｲﾃﾑ <0> <1>以上<br>ｱｲﾃﾑ <2> <3>以上所持	未使用	丈夫な布	12	銅貨	40	0
269	トマト	0	3	0	1	50	15	5	0	10	6	0	0	5	0	200	120	0	0	120	259200	3600	50	2	4	23	84	19	1	3	90	50	1	1	4	35	188	2	1	未使用	ｱｲﾃﾑ <0> <1>以上<br>ｱｲﾃﾑ <2> <3>以上所持	未使用	ｷﾚｲな布	19	銅貨	50	0
270	お花	0	3	0	1	50	10	5	15	15	0	0	0	5	300	300	0	0	0	180	259200	3600	50	2	4	23	79	13	1	3	90	75	1	1	4	35	189	2	1	未使用	ｱｲﾃﾑ <0> <1>以上<br>ｱｲﾃﾑ <2> <3>以上所持	未使用	鉄鉱石	13	銅貨	75	0
271	パンジー	0	3	0	1	50	13	5	10	10	0	0	0	5	200	200	0	0	0	120	259200	3600	50	2	4	23	80	17	1	3	90	105	1	1	4	35	190	2	1	未使用	ｱｲﾃﾑ <0> <1>以上<br>ｱｲﾃﾑ <2> <3>以上所持	未使用	銅	17	銅貨	105	0
272	勉強机	0	3	0	1	50	23	5	2	6	0	0	0	5	40	120	0	0	0	120	259200	3600	50	2	4	23	81	30	1	3	90	275	1	1	4	35	191	1	1	未使用	ｱｲﾃﾑ <0> <1>以上<br>ｱｲﾃﾑ <2> <3>以上所持	未使用	金塊	30	銅貨	275	0
273	ﾍﾞﾋﾞｰﾍﾞｯﾄﾞ	0	3	0	1	20	999	5	5	15	0	0	0	5	100	300	0	0	0	300	86400	3600	20	1	3	15	1000	1	1	4	35	245	1	1	未使用	研究してみましょう	未使用	ｼﾙｸの布	0	銅貨	1	0
274	ﾓﾝｽﾀｰ部屋	0	6	1	1	30	999	5	5	15	0	0	0	5	100	300	0	0	0	300	172800	3600	30	1	3	15	1000	1	1	4	35	246	1	1	未使用	研究してみましょう	未使用	丈夫な布	0	銅貨	1	0
275	倉庫 ﾀﾏｺﾞ	0	0	1	1	20	999	5	5	15	0	0	0	5	100	300	0	0	0	300	86400	3600	20	1	3	15	1000	1	1	4	35	256	1	1	未使用	研究してみましょう	未使用	丈夫な布	0	銅貨	1	0
276	銅貨箱	0	5	1	1	5	999	5	10	30	0	0	0	5	200	600	0	0	0	600	86400	75600	5	1	3	15	1000	1	1	4	35	248	1	1	未使用	研究してみましょう	未使用	丈夫な布	0	銅貨	1	0
277	銀貨箱	0	5	1	1	5	999	5	25	75	0	0	0	5	500	1500	0	0	0	1500	86400	75600	5	1	3	15	1000	1	1	4	35	249	1	1	未使用	研究してみましょう	未使用	丈夫な布	0	銅貨	1	0
278	金貨箱	0	5	1	1	5	999	5	40	120	0	0	0	5	800	2400	0	0	0	2400	86400	75600	5	1	3	15	1000	1	1	4	35	250	1	1	未使用	研究してみましょう	未使用	丈夫な布	0	銅貨	1	0
279	回復薬	2	0	0	1	300	4	5	0	0	2	0	1	5	0	0	40	0	20	60	120	60	300	2	4	23	85	3	1	4	23	170	1	1	1	4	23	28	3	3	未使用	ｱｲﾃﾑ <0> <1>以上<br>ｱｲﾃﾑ <2> <3>以上所持	未使用	やくそう	3	知の巻物	1	0
280	小型の笛	2	0	0	1	300	6	5	0	0	6	0	1	5	0	0	120	0	20	180	360	60	300	2	4	23	86	7	1	4	23	170	3	1	1	4	23	30	3	3	未使用	ｱｲﾃﾑ <0> <1>以上<br>ｱｲﾃﾑ <2> <3>以上所持	未使用	いのちの葉	7	知の巻物	3	0
281	聖なる葉	2	0	0	1	300	7	5	0	0	4	0	1	5	0	0	80	0	20	120	240	60	300	2	4	23	87	8	1	4	23	170	2	1	1	4	23	32	3	3	未使用	ｱｲﾃﾑ <0> <1>以上<br>ｱｲﾃﾑ <2> <3>以上所持	未使用	魔力の根	8	知の巻物	2	0
282	元気おにぎり	2	0	0	1	300	10	5	0	0	8	0	1	5	0	0	160	0	20	240	480	60	300	2	4	23	88	12	1	4	23	170	4	1	1	4	23	34	3	3	未使用	ｱｲﾃﾑ <0> <1>以上<br>ｱｲﾃﾑ <2> <3>以上所持	未使用	香る花	12	知の巻物	4	0
283	HPの源	2	0	0	1	300	14	5	0	0	15	0	3	5	0	0	300	0	60	600	1200	3600	300	2	4	23	89	20	1	4	23	170	10	1	1	4	23	44	3	3	未使用	ｱｲﾃﾑ <0> <1>以上<br>ｱｲﾃﾑ <2> <3>以上所持	未使用	生命の小瓶	20	知の巻物	10	0
284	MPの源	2	0	0	1	300	17	5	0	0	22	0	5	5	0	0	440	0	100	900	1800	3600	300	2	4	23	90	25	1	4	23	170	15	1	1	4	23	45	3	3	未使用	ｱｲﾃﾑ <0> <1>以上<br>ｱｲﾃﾑ <2> <3>以上所持	未使用	魔力の瓶	25	知の巻物	15	0
285	元気の源	2	0	0	1	300	16	5	0	0	21	0	4	5	0	0	420	0	80	840	1680	3600	300	2	4	23	91	24	1	4	23	170	14	1	1	4	23	46	3	3	未使用	ｱｲﾃﾑ <0> <1>以上<br>ｱｲﾃﾑ <2> <3>以上所持	未使用	魔法使いの薬	24	知の巻物	14	0
286	力の源	2	0	0	1	300	16	5	0	0	19	0	4	5	0	0	380	0	80	780	1560	3600	300	2	4	23	92	23	1	4	23	170	13	1	1	4	23	47	3	3	未使用	ｱｲﾃﾑ <0> <1>以上<br>ｱｲﾃﾑ <2> <3>以上所持	未使用	魔導士の薬	23	知の巻物	13	0
287	守りの源	2	0	0	1	300	15	5	0	0	18	0	4	5	0	0	360	0	80	720	1440	3600	300	2	4	23	93	22	1	4	23	170	12	1	1	4	23	48	3	3	未使用	ｱｲﾃﾑ <0> <1>以上<br>ｱｲﾃﾑ <2> <3>以上所持	未使用	賢者の薬	22	知の巻物	12	0
288	早さの源	2	0	0	1	300	15	5	0	0	16	0	3	5	0	0	320	0	60	660	1320	3600	300	2	4	23	94	21	1	4	23	170	11	1	1	4	23	49	3	3	未使用	ｱｲﾃﾑ <0> <1>以上<br>ｱｲﾃﾑ <2> <3>以上所持	未使用	ｴﾅｼﾞｰﾄﾞﾘﾝｸ	21	知の巻物	11	0
289	運の源	2	0	0	1	300	14	5	0	0	15	0	3	5	0	0	300	0	60	600	1200	3600	300	2	4	23	95	20	1	4	23	170	10	1	1	4	23	50	3	3	未使用	ｱｲﾃﾑ <0> <1>以上<br>ｱｲﾃﾑ <2> <3>以上所持	未使用	甘い薬	20	知の巻物	10	0
290	奇跡のｶﾅﾂﾞﾁ	2	0	0	1	300	19	5	0	0	30	0	6	5	0	0	600	0	120	1200	2400	3600	300	2	4	23	85	30	1	4	23	170	20	1	1	4	23	51	3	3	未使用	ｱｲﾃﾑ <0> <1>以上<br>ｱｲﾃﾑ <2> <3>以上所持	未使用	やくそう	30	知の巻物	20	0
291	知恵の源	2	0	0	1	300	12	5	0	0	9	0	2	5	0	0	180	0	40	360	720	3600	300	2	4	23	86	16	1	4	23	170	6	1	1	4	23	52	3	3	未使用	ｱｲﾃﾑ <0> <1>以上<br>ｱｲﾃﾑ <2> <3>以上所持	未使用	いのちの葉	16	知の巻物	6	0
292	手先の源	2	0	0	1	300	13	5	0	0	10	0	2	5	0	0	200	0	40	420	840	3600	300	2	4	23	87	17	1	4	23	170	7	1	1	4	23	53	3	3	未使用	ｱｲﾃﾑ <0> <1>以上<br>ｱｲﾃﾑ <2> <3>以上所持	未使用	魔力の根	17	知の巻物	7	0
293	採集の源	2	0	0	1	300	13	5	0	0	12	0	2	5	0	0	240	0	40	480	960	3600	300	2	4	23	88	18	1	4	23	170	8	1	1	4	23	54	3	3	未使用	ｱｲﾃﾑ <0> <1>以上<br>ｱｲﾃﾑ <2> <3>以上所持	未使用	香る花	18	知の巻物	8	0
294	移動の源	2	0	0	1	300	14	5	0	0	13	0	3	5	0	0	260	0	60	540	1080	3600	300	2	4	23	89	19	1	4	23	170	9	1	1	4	23	55	3	3	未使用	ｱｲﾃﾑ <0> <1>以上<br>ｱｲﾃﾑ <2> <3>以上所持	未使用	生命の小瓶	19	知の巻物	9	0
295	愛の源	2	0	0	1	300	14	5	0	0	15	0	3	5	0	0	300	0	60	600	1200	3600	300	2	4	23	90	20	1	4	23	170	10	1	1	4	23	56	3	3	未使用	ｱｲﾃﾑ <0> <1>以上<br>ｱｲﾃﾑ <2> <3>以上所持	未使用	魔力の瓶	20	知の巻物	10	0
296	ｽﾋﾟｰﾄﾞ靴	2	0	0	1	300	16	5	0	0	20	0	5	5	0	0	400	0	100	480	960	3600	300	2	4	23	91	22	1	4	23	170	8	1	1	4	23	57	3	3	未使用	ｱｲﾃﾑ <0> <1>以上<br>ｱｲﾃﾑ <2> <3>以上所持	未使用	魔法使いの薬	22	知の巻物	8	0
297	銅ﾄﾛﾌｨ	2	0	0	1	100	21	5	0	0	0	75	20	5	0	0	0	7500	400	900	3600	3600	100	2	4	23	73	31	1	4	23	170	15	1	1	4	23	66	1	3	未使用	ｱｲﾃﾑ <0> <1>以上<br>ｱｲﾃﾑ <2> <3>以上所持	未使用	王国の旗	31	知の巻物	15	0
298	銀ﾄﾛﾌｨ	2	0	0	1	100	35	5	0	0	0	150	40	5	0	0	0	15000	800	1800	7200	3600	100	2	4	23	73	54	1	4	23	170	30	1	1	4	23	67	1	3	未使用	ｱｲﾃﾑ <0> <1>以上<br>ｱｲﾃﾑ <2> <3>以上所持	未使用	王国の旗	54	知の巻物	30	0
299	金ﾄﾛﾌｨ	2	0	0	1	100	48	5	0	0	0	225	60	5	0	0	0	22500	1200	2700	10800	3600	100	2	4	23	73	77	1	4	23	170	45	1	1	4	23	68	1	3	未使用	ｱｲﾃﾑ <0> <1>以上<br>ｱｲﾃﾑ <2> <3>以上所持	未使用	王国の旗	77	知の巻物	45	0
300	ｶｲﾛ聖杯	2	0	0	1	100	72	5	0	0	0	400	106	5	0	0	0	40000	2120	4800	19200	3600	100	2	4	23	73	120	1	4	23	170	80	1	1	4	23	69	1	3	未使用	ｱｲﾃﾑ <0> <1>以上<br>ｱｲﾃﾑ <2> <3>以上所持	未使用	王国の旗	120	知の巻物	80	0
301	勇気の王冠	2	0	0	1	100	69	5	0	0	0	300	80	5	0	0	0	30000	1600	3600	14400	3600	100	2	4	23	73	110	1	4	23	170	60	1	1	4	23	70	1	3	未使用	ｱｲﾃﾑ <0> <1>以上<br>ｱｲﾃﾑ <2> <3>以上所持	未使用	王国の旗	110	知の巻物	60	0
302	ﾄﾅｶｲ小屋	0	1	0	1	3	999	5	40	32	0	0	0	5	800	640	0	0	0	480	86400	97200	3	1	3	15	1000	1	1	4	35	300	1	1	未使用	研究してみましょう	未使用	丈夫な布	0	銅貨	1	0
303	昆虫ｽﾎﾟｯﾄ	0	1	0	1	4	999	5	0	70	56	0	0	5	0	1400	1120	0	0	420	86400	86400	4	1	3	15	1000	1	1	4	35	288	1	1	未使用	研究してみましょう	未使用	丈夫な布	0	銅貨	1	0
304	釣り堀	0	1	0	1	4	999	5	0	81	0	90	0	5	0	1620	0	1800	0	540	86400	86400	4	1	3	15	1000	1	1	4	35	303	1	1	未使用	研究してみましょう	未使用	丈夫な布	0	銅貨	1	0
305	空飛ぶ船の港	0	1	0	1	1	999	5	0	0	0	180	180	5	0	0	0	3600	3600	900	86400	118800	1	1	3	15	1000	1	1	4	35	301	1	1	未使用	研究してみましょう	未使用	丈夫な布	0	銅貨	1	0
306	S/ｻﾝﾀｼｰﾙﾄﾞ	1	6	0	1	1	999	5	0	0	0	3000	1500	5	0	0	0	6000	3000	45000	86400	118800	1	1	3	15	1000	1	1	4	81	312	1	3	未使用	研究してみましょう	未使用	盾の素	57	賢者の書	