0	未使用	1	0	0	1	3	5	1	1	1	66	40	ﾌﾟﾚｲ <0>時間以上達成	1	0
1	未使用	1	0	1	2	19	0	1	3	5	5	1	1	66	40	ﾌﾟﾚｲ <0>時間以上達成	5	0
2	未使用	2	0	1	2	19	1	1	3	5	10	1	1	67	80	ﾌﾟﾚｲ <0>時間以上達成	10	0
3	未使用	3	0	1	2	19	2	1	3	5	20	1	1	68	120	ﾌﾟﾚｲ <0>時間以上達成	20	0
4	未使用	4	0	1	2	19	3	1	3	5	30	1	1	69	160	ﾌﾟﾚｲ <0>時間以上達成	30	0
5	未使用	4	0	1	2	19	4	1	3	5	40	1	1	69	160	ﾌﾟﾚｲ <0>時間以上達成	40	0
6	未使用	4	0	1	2	19	5	1	3	5	50	1	1	69	160	ﾌﾟﾚｲ <0>時間以上達成	50	0
7	未使用	4	0	1	2	19	6	1	3	5	60	1	1	69	160	ﾌﾟﾚｲ <0>時間以上達成	60	0
8	未使用	4	0	1	2	19	7	1	3	5	70	1	1	69	160	ﾌﾟﾚｲ <0>時間以上達成	70	0
9	未使用	4	0	1	2	19	8	1	3	5	80	1	1	69	160	ﾌﾟﾚｲ <0>時間以上達成	80	0
10	未使用	4	0	1	2	19	9	1	3	5	90	1	1	69	160	ﾌﾟﾚｲ <0>時間以上達成	90	0
11	未使用	4	0	1	2	19	10	1	3	5	100	1	1	69	160	ﾌﾟﾚｲ <0>時間以上達成	100	0
12	未使用	4	0	1	2	19	11	1	3	5	150	1	1	69	160	ﾌﾟﾚｲ <0>時間以上達成	150	0
13	未使用	4	0	1	2	19	12	1	3	5	200	1	1	69	160	ﾌﾟﾚｲ <0>時間以上達成	200	0
14	未使用	4	0	1	2	19	13	1	3	5	250	1	1	69	160	ﾌﾟﾚｲ <0>時間以上達成	250	0
15	未使用	4	0	1	2	19	14	1	3	5	300	1	1	69	160	ﾌﾟﾚｲ <0>時間以上達成	300	0
16	未使用	4	0	1	2	19	15	1	3	5	500	1	1	69	160	ﾌﾟﾚｲ <0>時間以上達成	500	0
17	未使用	4	0	1	2	19	16	1	3	5	750	1	1	69	160	ﾌﾟﾚｲ <0>時間以上達成	750	0
18	未使用	4	0	1	2	19	17	1	3	5	1000	1	1	69	160	ﾌﾟﾚｲ <0>時間以上達成	1000	0
19	未使用	4	0	1	2	19	18	1	3	5	2000	1	1	69	160	ﾌﾟﾚｲ <0>時間以上達成	2000	0
20	未使用	1	0	0	1	3	9	5	1	1	66	40	住民 <0>人集める	5	0
21	未使用	1	0	1	2	19	20	1	3	9	10	1	1	66	40	住民 <0>人集める	10	0
22	未使用	2	0	1	2	19	21	1	3	9	20	1	1	67	80	住民 <0>人集める	20	0
23	未使用	2	0	1	2	19	22	1	3	9	30	1	1	67	80	住民 <0>人集める	30	0
24	未使用	3	0	1	2	19	23	1	3	9	50	1	1	68	120	住民 <0>人集める	50	0
25	未使用	3	0	1	2	19	24	1	3	9	75	1	1	68	120	住民 <0>人集める	75	0
26	未使用	3	0	1	2	19	25	1	3	9	100	1	1	68	120	住民 <0>人集める	100	0
27	未使用	3	0	1	2	19	26	1	3	9	125	1	1	68	120	住民 <0>人集める	125	0
28	未使用	3	0	1	2	19	27	1	3	9	150	1	1	68	120	住民 <0>人集める	150	0
29	未使用	3	0	1	2	19	28	1	3	9	175	1	1	68	120	住民 <0>人集める	175	0
30	未使用	4	0	1	2	19	29	1	3	9	200	1	1	69	160	住民 <0>人集める	200	0
31	未使用	1	0	0	1	3	10	10	1	1	66	40	職業　<0>種みつける	10	0
32	未使用	1	0	1	2	19	31	1	3	10	20	1	1	66	40	職業　<0>種みつける	20	0
33	未使用	2	0	1	2	19	32	1	3	10	40	1	1	67	80	職業　<0>種みつける	40	0
34	未使用	2	0	1	2	19	33	1	3	10	60	1	1	67	80	職業　<0>種みつける	60	0
35	未使用	3	0	1	2	19	34	1	3	10	80	1	1	68	120	職業　<0>種みつける	80	0
36	未使用	4	0	1	2	19	35	1	3	10	100	1	1	69	160	職業　<0>種みつける	100	0
37	未使用	1	0	0	1	3	14	30	1	1	66	40	施設を<0>軒建てる	30	0
38	未使用	1	0	1	2	19	37	1	3	14	50	1	1	66	40	施設を<0>軒建てる	50	0
39	未使用	1	0	1	2	19	38	1	3	14	75	1	1	66	40	施設を<0>軒建てる	75	0
40	未使用	2	0	1	2	19	39	1	3	14	100	1	1	67	80	施設を<0>軒建てる	100	0
41	未使用	2	0	1	2	19	40	1	3	14	150	1	1	67	80	施設を<0>軒建てる	150	0
42	未使用	2	0	1	2	19	41	1	3	14	200	1	1	67	80	施設を<0>軒建てる	200	0
43	未使用	2	0	1	2	19	42	1	3	14	250	1	1	67	80	施設を<0>軒建てる	250	0
44	未使用	3	0	1	2	19	43	1	3	14	300	1	1	68	120	施設を<0>軒建てる	300	0
45	未使用	3	0	1	2	19	44	1	3	14	400	1	1	68	120	施設を<0>軒建てる	400	0
46	未使用	3	0	1	2	19	45	1	3	14	500	1	1	68	120	施設を<0>軒建てる	500	0
47	未使用	3	0	1	2	19	46	1	3	14	750	1	1	68	120	施設を<0>軒建てる	750	0
48	未使用	4	0	1	2	19	47	1	3	14	1000	1	1	69	160	施設を<0>軒建てる	1000	0
49	未使用	1	0	0	1	3	15	5	1	1	66	40	ﾗﾝｸ <0>以上になる	5	0
50	未使用	1	0	1	2	19	49	1	3	15	10	1	1	66	40	ﾗﾝｸ <0>以上になる	10	0
51	未使用	1	0	1	2	19	50	1	3	15	20	1	1	66	40	ﾗﾝｸ <0>以上になる	20	0
52	未使用	1	0	1	2	19	51	1	3	15	30	1	1	66	40	ﾗﾝｸ <0>以上になる	30	0
53	未使用	2	0	1	2	19	52	1	3	15	40	1	1	67	80	ﾗﾝｸ <0>以上になる	40	0
54	未使用	2	0	1	2	19	53	1	3	15	50	1	1	67	80	ﾗﾝｸ <0>以上になる	50	0
55	未使用	2	0	1	2	19	54	1	3	15	60	1	1	67	80	ﾗﾝｸ <0>以上になる	60	0
56	未使用	2	0	1	2	19	55	1	3	15	70	1	1	67	80	ﾗﾝｸ <0>以上になる	70	0
57	未使用	3	0	1	2	19	56	1	3	15	80	1	1	68	120	ﾗﾝｸ <0>以上になる	80	0
58	未使用	3	0	1	2	19	57	1	3	15	90	1	1	68	120	ﾗﾝｸ <0>以上になる	90	0
59	未使用	4	0	1	2	19	58	1	3	15	99	1	1	69	160	ﾗﾝｸ <0>以上になる	99	0
60	未使用	1	0	0	1	3	16	15	1	1	66	40	ｴﾘｱ <0>箇所を解放	15	0
61	未使用	1	0	1	2	19	60	1	3	16	20	1	1	66	40	ｴﾘｱ <0>箇所を解放	20	0
62	未使用	1	0	1	2	19	61	1	3	16	30	1	1	66	40	ｴﾘｱ <0>箇所を解放	30	0
63	未使用	2	0	1	2	19	62	1	3	16	40	1	1	67	80	ｴﾘｱ <0>箇所を解放	40	0
64	未使用	2	0	1	2	19	63	1	3	16	50	1	1	67	80	ｴﾘｱ <0>箇所を解放	50	0
65	未使用	2	0	1	2	19	64	1	3	16	60	1	1	67	80	ｴﾘｱ <0>箇所を解放	60	0
66	未使用	3	0	1	2	19	65	1	3	16	70	1	1	68	120	ｴﾘｱ <0>箇所を解放	70	0
67	未使用	3	0	1	2	19	66	1	3	16	80	1	1	68	120	ｴﾘｱ <0>箇所を解放	80	0
68	未使用	3	0	1	2	19	67	1	3	16	90	1	1	68	120	ｴﾘｱ <0>箇所を解放	90	0
69	未使用	4	0	1	2	19	68	1	3	16	100	1	1	69	160	ｴﾘｱ <0>箇所を解放	100	0
70	未使用	1	0	0	1	3	20	1	1	1	66	40	ﾐｯｼｮﾝを<0>件こなそう	1	0
71	未使用	1	0	1	2	19	70	1	3	20	10	1	1	66	40	ﾐｯｼｮﾝを<0>件こなそう	10	0
72	未使用	1	0	1	2	19	71	1	3	20	30	1	1	66	40	ﾐｯｼｮﾝを<0>件こなそう	30	0
73	未使用	2	0	1	2	19	72	1	3	20	50	1	1	67	80	ﾐｯｼｮﾝを<0>件こなそう	50	0
74	未使用	2	0	1	2	19	73	1	3	20	100	1	1	67	80	ﾐｯｼｮﾝを<0>件こなそう	100	0
75	未使用	2	0	1	2	19	74	1	3	20	200	1	1	67	80	ﾐｯｼｮﾝを<0>件こなそう	200	0
76	未使用	3	0	1	2	19	75	1	3	20	300	1	1	68	120	ﾐｯｼｮﾝを<0>件こなそう	300	0
77	未使用	3	0	1	2	19	76	1	3	20	400	1	1	68	120	ﾐｯｼｮﾝを<0>件こなそう	400	0
78	未使用	3	0	1	2	19	77	1	3	20	500	1	1	68	120	ﾐｯｼｮﾝを<0>件こなそう	500	0
79	未使用	4	0	1	2	19	78	1	3	20	1000	1	1	69	160	ﾐｯｼｮﾝを<0>件こなそう	1000	0
80	未使用	1	0	0	1	3	21	5	1	1	66	40	全体用ｱｲﾃﾑ <0>種みつけよう	5	0
81	未使用	2	0	1	2	19	80	1	3	21	10	1	1	67	80	全体用ｱｲﾃﾑ <0>種みつけよう	10	0
82	未使用	2	0	1	2	19	81	1	3	21	15	1	1	67	80	全体用ｱｲﾃﾑ <0>種みつけよう	15	0
83	未使用	3	0	1	2	19	82	1	3	21	20	1	1	68	120	全体用ｱｲﾃﾑ <0>種みつけよう	20	0
84	未使用	3	0	1	2	19	83	1	3	21	25	1	1	68	120	全体用ｱｲﾃﾑ <0>種みつけよう	25	0
85	未使用	4	0	1	2	19	84	1	3	21	30	1	1	69	160	全体用ｱｲﾃﾑ <0>種みつけよう	30	0
86	未使用	1	0	0	1	3	22	10	1	1	66	40	ｱｲﾃﾑ <0>種みつけよう	10	0
87	未使用	1	0	1	2	19	86	1	3	22	20	1	1	66	40	ｱｲﾃﾑ <0>種みつけよう	20	0
88	未使用	2	0	1	2	19	87	1	3	22	30	1	1	67	80	ｱｲﾃﾑ <0>種みつけよう	30	0
89	未使用	2	0	1	2	19	88	1	3	22	40	1	1	67	80	ｱｲﾃﾑ <0>種みつけよう	40	0
90	未使用	2	0	1	2	19	89	1	3	22	50	1	1	67	80	ｱｲﾃﾑ <0>種みつけよう	50	0
91	未使用	3	0	1	2	19	90	1	3	22	60	1	1	68	120	ｱｲﾃﾑ <0>種みつけよう	60	0
92	未使用	3	0	1	2	19	91	1	3	22	70	1	1	68	120	ｱｲﾃﾑ <0>種みつけよう	70	0
93	未使用	3	0	1	2	19	92	1	3	22	80	1	1	68	120	ｱｲﾃﾑ <0>種みつけよう	80	0
94	未使用	3	0	1	2	19	93	1	3	22	90	1	1	68	120	ｱｲﾃﾑ <0>種みつけよう	90	0
95	未使用	4	0	1	2	19	94	1	3	22	100	1	1	69	160	ｱｲﾃﾑ <0>種みつけよう	100	0
96	未使用	1	0	0	1	3	24	10	1	1	66	40	ﾓﾝｽﾀｰ<0>種 撃破しよう	10	0
97	未使用	1	0	1	2	19	96	1	3	24	20	1	1	66	40	ﾓﾝｽﾀｰ<0>種 撃破しよう	20	0
98	未使用	1	0	1	2	19	97	1	3	24	30	1	1	66	40	ﾓﾝｽﾀｰ<0>種 撃破しよう	30	0
99	未使用	2	0	1	2	19	98	1	3	24	40	1	1	67	80	ﾓﾝｽﾀｰ<0>種 撃破しよう	40	0
100	未使用	2	0	1	2	19	99	1	3	24	50	1	1	67	80	ﾓﾝｽﾀｰ<0>種 撃破しよう	50	0
101	未使用	2	0	1	2	19	100	1	3	24	60	1	1	67	80	ﾓﾝｽﾀｰ<0>種 撃破しよう	60	0
102	未使用	2	0	1	2	19	101	1	3	24	70	1	1	67	80	ﾓﾝｽﾀｰ<0>種 撃破しよう	70	0
103	未使用	2	0	1	2	19	102	1	3	24	80	1	1	67	80	ﾓﾝｽﾀｰ<0>種 撃破しよう	80	0
104	未使用	2	0	1	2	19	103	1	3	24	90	1	1	67	80	ﾓﾝｽﾀｰ<0>種 撃破しよう	90	0
105	未使用	3	0	1	2	19	104	1	3	24	100	1	1	68	120	ﾓﾝｽﾀｰ<0>種 撃破しよう	100	0
106	未使用	3	0	1	2	19	105	1	3	25	110	1	1	68	120	ﾓﾝｽﾀｰ<0>種 撃破しよう	110	0
107	未使用	4	0	1	2	19	106	1	3	25	120	1	1	69	160	ﾓﾝｽﾀｰ<0>種 撃破しよう	120	0
108	未使用	1	0	0	1	3	27	25	1	1	66	40	迷いの雲を<0>個 掃おう	25	0
109	未使用	1	0	1	2	19	108	1	3	27	100	1	1	66	40	迷いの雲を<0>個 掃おう	100	0
110	未使用	1	0	1	2	19	109	1	3	27	300	1	1	66	40	迷いの雲を<0>個 掃おう	300	0
111	未使用	2	0	1	2	19	110	1	3	27	500	1	1	67	80	迷いの雲を<0>個 掃おう	500	0
112	未使用	2	0	1	2	19	111	1	3	27	750	1	1	67	80	迷いの雲を<0>個 掃おう	750	0
113	未使用	2	0	1	2	19	112	1	3	27	1000	1	1	67	80	迷いの雲を<0>個 掃おう	1000	0
114	未使用	3	0	1	2	19	113	1	3	27	1500	1	1	68	120	迷いの雲を<0>個 掃おう	1500	0
115	未使用	3	0	1	2	19	114	1	3	27	2500	1	1	68	120	迷いの雲を<0>個 掃おう	2500	0
116	未使用	3	0	1	2	19	115	1	3	27	3000	1	1	68	120	迷いの雲を<0>個 掃おう	3000	0
117	未使用	4	0	1	2	19	116	1	3	27	5000	1	1	69	160	迷いの雲を<0>個 掃おう	5000	0
118	未使用	1	0	0	1	3	29	2	1	1	66	40	ﾀｳﾝﾎｰﾙを<0>軒建てる	2	0
119	未使用	2	0	1	2	19	118	1	3	29	3	1	1	67	80	ﾀｳﾝﾎｰﾙを<0>軒建てる	3	0
120	未使用	3	0	1	2	19	119	1	3	29	4	1	1	68	120	ﾀｳﾝﾎｰﾙを<0>軒建てる	4	0
121	未使用	4	0	1	2	19	120	1	3	29	5	1	1	69	160	ﾀｳﾝﾎｰﾙを<0>軒建てる	5	0
122	未使用	1	0	0	1	3	48	10	1	1	66	40	街の外に<0>回派遣しよう	10	0
123	未使用	2	0	1	2	19	122	1	3	48	100	1	1	67	80	街の外に<0>回派遣しよう	100	0
124	未使用	2	0	1	2	19	123	1	3	48	200	1	1	67	80	街の外に<0>回派遣しよう	200	0
125	未使用	3	0	1	2	19	124	1	3	48	500	1	1	68	120	街の外に<0>回派遣しよう	500	0
126	未使用	3	0	1	2	19	125	1	3	48	1000	1	1	68	120	街の外に<0>回派遣しよう	1000	0
127	未使用	4	0	1	2	19	126	1	3	48	10000	1	1	69	160	街の外に<0>回派遣しよう	10000	0
128	未使用	1	0	0	1	3	84	50	1	1	66	40	ｱｲﾃﾑを<0>個保管しよう	50	0
129	未使用	1	0	1	2	19	128	1	3	84	100	1	1	66	40	ｱｲﾃﾑを<0>個保管しよう	100	0
130	未使用	2	0	1	2	19	129	1	3	84	200	1	1	67	80	ｱｲﾃﾑを<0>個保管しよう	200	0
131	未使用	2	0	1	2	19	130	1	3	84	500	1	1	67	80	ｱｲﾃﾑを<0>個保管しよう	500	0
132	未使用	2	0	1	2	19	131	1	3	84	750	1	1	67	80	ｱｲﾃﾑを<0>個保管しよう	750	0
133	未使用	3	0	1	2	19	132	1	3	84	1000	1	1	68	120	ｱｲﾃﾑを<0>個保管しよう	1000	0
134	未使用	3	0	1	2	19	133	1	3	84	2000	1	1	68	120	ｱｲﾃﾑを<0>個保管しよう	2000	0
135	未使用	4	0	1	2	19	134	1	3	84	10000	1	1	69	160	ｱｲﾃﾑを<0>個保管しよう	10000	0
136	未使用	1	0	0	1	3	80	1	1	1	66	40	ﾌﾚﾝﾄﾞを<0>人登録しよう	1	0
137	未使用	1	0	1	2	19	136	1	3	80	3	1	1	66	40	ﾌﾚﾝﾄﾞを<0>人登録しよう	3	0
138	未使用	2	0	1	2	19	137	1	3	80	5	1	1	67	80	ﾌﾚﾝﾄﾞを<0>人登録しよう	5	0
139	未使用	2	0	1	2	19	138	1	3	80	10	1	1	67	80	ﾌﾚﾝﾄﾞを<0>人登録しよう	10	0
140	未使用	3	0	1	2	19	139	1	3	80	15	1	1	68	120	ﾌﾚﾝﾄﾞを<0>人登録しよう	15	0
141	未使用	3	0	1	2	19	140	1	3	80	20	1	1	68	120	ﾌﾚﾝﾄﾞを<0>人登録しよう	20	0
142	未使用	4	0	1	2	19	141	1	3	80	30	1	1	69	160	ﾌﾚﾝﾄﾞを<0>人登録しよう	30	0
143	未使用	1	0	0	1	3	49	10	1	1	66	40	宝箱を<0>個 解析しよう	10	0
144	未使用	1	0	1	2	19	143	1	3	49	50	1	1	66	40	宝箱を<0>個 解析しよう	50	0
145	未使用	2	0	1	2	19	144	1	3	49	100	1	1	67	80	宝箱を<0>個 解析しよう	100	0
146	未使用	2	0	1	2	19	145	1	3	49	200	1	1	67	80	宝箱を<0>個 解析しよう	200	0
147	未使用	2	0	1	2	19	146	1	3	49	500	1	1	67	80	宝箱を<0>個 解析しよう	500	0
148	未使用	3	0	1	2	19	147	1	3	49	1000	1	1	68	120	宝箱を<0>個 解析しよう	1000	0
149	未使用	3	0	1	2	19	148	1	3	49	5000	1	1	68	120	宝箱を<0>個 解析しよう	5000	0
150	未使用	3	0	1	2	19	149	1	3	49	10000	1	1	68	120	宝箱を<0>個 解析しよう	10000	0
151	未使用	4	0	1	2	19	150	1	3	49	100000	1	1	69	160	宝箱を<0>個 解析しよう	100000	0
152	未使用	1	0	0	1	3	55	10	1	1	66	40	<0>回 研究しよう	10	0
153	未使用	1	0	1	2	19	152	1	3	55	25	1	1	66	40	<0>回 研究しよう	25	0
154	未使用	2	0	1	2	19	153	1	3	55	50	1	1	67	80	<0>回 研究しよう	50	0
155	未使用	2	0	1	2	19	154	1	3	55	100	1	1	67	80	<0>回 研究しよう	100	0
156	未使用	2	0	1	2	19	155	1	3	55	200	1	1	67	80	<0>回 研究しよう	200	0
157	未使用	3	0	1	2	19	156	1	3	55	300	1	1	68	120	<0>回 研究しよう	300	0
158	未使用	3	0	1	2	19	157	1	3	55	500	1	1	68	120	<0>回 研究しよう	500	0
159	未使用	4	0	1	2	19	158	1	3	55	10000	1	1	69	160	<0>回 研究しよう	10000	0
160	未使用	1	0	0	1	3	60	5	1	1	66	40	住居を<0>人に与えよう	5	0
161	未使用	1	0	1	2	19	160	1	3	60	10	1	1	66	40	住居を<0>人に与えよう	10	0
162	未使用	2	0	1	2	19	161	1	3	60	30	1	1	67	80	住居を<0>人に与えよう	30	0
163	未使用	2	0	1	2	19	162	1	3	60	50	1	1	67	80	住居を<0>人に与えよう	50	0
164	未使用	3	0	1	2	19	163	1	3	60	100	1	1	68	120	住居を<0>人に与えよう	100	0
165	未使用	4	0	1	2	19	164	1	3	60	200	1	1	69	160	住居を<0>人に与えよう	200	0
166	未使用	1	0	0	1	3	62	10	1	1	66	40	宝箱を<0>個 保管しよう	10	0
167	未使用	2	0	1	2	19	166	1	3	62	30	1	1	67	80	宝箱を<0>個 保管しよう	30	0
168	未使用	2	0	1	2	19	167	1	3	62	50	1	1	67	80	宝箱を<0>個 保管しよう	50	0
169	未使用	3	0	1	2	19	168	1	3	62	100	1	1	68	120	宝箱を<0>個 保管しよう	100	0
170	未使用	4	0	1	2	19	169	1	3	62	200	1	1	69	160	宝箱を<0>個 保管しよう	200	0
171	未使用	1	0	0	1	3	64	5	1	1	66	40	技を<0>個 見つけよう	5	0
172	未使用	1	0	1	2	19	171	1	3	64	10	1	1	66	40	技を<0>個 見つけよう	10	0
173	未使用	1	0	1	2	19	172	1	3	64	25	1	1	66	40	技を<0>個 見つけよう	25	0
174	未使用	1	0	1	2	19	173	1	3	64	50	1	1	66	40	技を<0>個 見つけよう	50	0
175	未使用	1	0	0	1	3	66	5	1	1	66	40	洞窟を<0>個 撃破しよう	5	0
176	未使用	1	0	1	2	19	175	1	3	66	10	1	1	66	40	洞窟を<0>個 撃破しよう	10	0
177	未使用	1	0	1	2	19	176	1	3	66	20	1	1	66	40	洞窟を<0>個 撃破しよう	20	0
178	未使用	2	0	1	2	19	177	1	3	66	50	1	1	67	80	洞窟を<0>個 撃破しよう	50	0
179	未使用	2	0	1	2	19	178	1	3	66	100	1	1	67	80	洞窟を<0>個 撃破しよう	100	0
180	未使用	2	0	1	2	19	179	1	3	66	300	1	1	67	80	洞窟を<0>個 撃破しよう	300	0
181	未使用	3	0	1	2	19	180	1	3	66	500	1	1	68	120	洞窟を<0>個 撃破しよう	500	0
182	未使用	3	0	1	2	19	181	1	3	66	1000	1	1	68	120	洞窟を<0>個 撃破しよう	1000	0
183	未使用	3	0	1	2	19	182	1	3	66	5000	1	1	68	120	洞窟を<0>個 撃破しよう	5000	0
184	未使用	4	0	1	2	19	183	1	3	66	10000	1	1	69	160	洞窟を<0>個 撃破しよう	10000	0
185	未使用	1	0	0	1	3	93	1	1	1	66	40	ﾓﾝｽﾀｰを<0>体 孵化しよう	1	0
186	未使用	1	0	1	2	19	185	1	3	93	5	1	1	66	40	ﾓﾝｽﾀｰを<0>体 孵化しよう	5	0
187	未使用	1	0	1	2	19	186	1	3	93	10	1	1	66	40	ﾓﾝｽﾀｰを<0>体 孵化しよう	10	0
188	未使用	2	0	1	2	19	187	1	3	93	20	1	1	67	80	ﾓﾝｽﾀｰを<0>体 孵化しよう	20	0
189	未使用	2	0	1	2	19	188	1	3	93	50	1	1	67	80	ﾓﾝｽﾀｰを<0>体 孵化しよう	50	0
190	未使用	2	0	1	2	19	189	1	3	93	100	1	1	67	80	ﾓﾝｽﾀｰを<0>体 孵化しよう	100	0
191	未使用	3	0	1	2	19	190	1	3	93	200	1	1	68	120	ﾓﾝｽﾀｰを<0>体 孵化しよう	200	0
192	未使用	3	0	1	2	19	191	1	3	93	300	1	1	68	120	ﾓﾝｽﾀｰを<0>体 孵化しよう	300	0
193	未使用	3	0	1	2	19	192	1	3	93	500	1	1	68	120	ﾓﾝｽﾀｰを<0>体 孵化しよう	500	0
194	未使用	4	0	1	2	19	193	1	3	93	1000	1	1	69	160	ﾓﾝｽﾀｰを<0>体 孵化しよう	1000	0
195	未使用	1	0	0	1	3	94	1	1	1	66	40	ﾓﾝｽﾀｰを<0>体 仲間にしよう	1	0
196	未使用	1	0	1	2	19	195	1	3	94	3	1	1	66	40	ﾓﾝｽﾀｰを<0>体 仲間にしよう	3	0
197	未使用	1	0	1	2	19	196	1	3	94	5	1	1	66	40	ﾓﾝｽﾀｰを<0>体 仲間にしよう	5	0
198	未使用	2	0	1	2	19	197	1	3	94	7	1	1	67	80	ﾓﾝｽﾀｰを<0>体 仲間にしよう	7	0
199	未使用	2	0	1	2	19	198	1	3	94	10	1	1	67	80	ﾓﾝｽﾀｰを<0>体 仲間にしよう	10	0
200	未使用	3	0	1	2	19	199	1	3	94	15	1	1	68	120	ﾓﾝｽﾀｰを<0>体 仲間にしよう	15	0
201	未使用	3	0	1	2	19	200	1	3	94	20	1	1	68	120	ﾓﾝｽﾀｰを<0>体 仲間にしよう	20	0
202	未使用	3	0	1	2	19	201	1	3	94	25	1	1	68	120	ﾓﾝｽﾀｰを<0>体 仲間にしよう	25	0
203	未使用	4	0	1	2	19	202	1	3	94	30	1	1	69	160	ﾓﾝｽﾀｰを<0>体 仲間にしよう	30	0
204	未使用	4	0	1	2	19	203	1	3	94	50	1	1	69	160	ﾓﾝｽﾀｰを<0>体 仲間にしよう	50	0
205	未使用	1	0	1	1	103	1	4	97	0	3	1	1	66	40	虫を<0>匹収集しよう	3	0
206	未使用	1	0	1	2	19	205	1	4	97	0	6	1	1	66	40	虫を<0>匹収集しよう	6	0
207	未使用	2	0	1	2	19	206	1	4	97	0	9	1	1	67	80	虫を<0>匹収集しよう	9	0
208	未使用	2	0	1	2	19	207	1	4	97	0	12	1	1	67	80	虫を<0>匹収集しよう	12	0
209	未使用	3	0	1	2	19	208	1	4	97	0	15	1	1	68	120	虫を<0>匹収集しよう	15	0
210	未使用	3	0	1	2	19	209	1	4	97	0	18	1	1	68	120	虫を<0>匹収集しよう	18	0
211	未使用	4	0	1	2	19	210	1	4	97	0	20	1	1	69	160	虫を<0>匹収集しよう	20	0
212	未使用	1	0	1	1	103	1	4	97	1	3	1	1	66	40	魚を<0>匹収集しよう	3	0
213	未使用	1	0	1	2	19	212	1	4	97	1	6	1	1	66	40	魚を<0>匹収集しよう	6	0
214	未使用	2	0	1	2	19	213	1	4	97	1	9	1	1	67	80	魚を<0>匹収集しよう	9	0
215	未使用	2	0	1	2	19	214	1	4	97	1	12	1	1	67	80	魚を<0>匹収集しよう	12	0
216	未使用	3	0	1	2	19	215	1	4	97	1	15	1	1	68	120	魚を<0>匹収集しよう	15	0
217	未使用	3	0	1	2	19	216	1	4	97	1	18	1	1	68	120	魚を<0>匹収集しよう	18	0
218	未使用	4	0	1	2	19	217	1	4	97	1	20	1	1	69	160	魚を<0>匹収集しよう	20	0
219	未使用	1	0	1	1	103	1	4	97	2	3	1	1	66	40	美術品を<0>個収集しよう	3	0
220	未使用	1	0	1	2	19	219	1	4	97	2	6	1	1	66	40	美術品を<0>個収集しよう	6	0
221	未使用	2	0	1	2	19	220	1	4	97	2	9	1	1	67	80	美術品を<0>個収集しよう	9	0
222	未使用	2	0	1	2	19	221	1	4	97	2	12	1	1	67	80	美術品を<0>個収集しよう	12	0
223	未使用	3	0	1	2	19	222	1	4	97	2	15	1	1	68	120	美術品を<0>個収集しよう	15	0
224	未使用	3	0	1	2	19	223	1	4	97	2	18	1	1	68	120	美術品を<0>個収集しよう	18	0
225	未使用	4	0	1	2	19	224	1	4	97	2	20	1	1	69	160	美術品を<0>個収集しよう	20	0
226	未使用	1	0	1	1	103	1	4	97	3	3	1	1	66	40	動物を<0>匹収集しよう	3	0
227	未使用	1	0	1	2	19	226	1	4	97	3	6	1	1	66	40	動物を<0>匹収集しよう	6	0
228	未使用	2	0	1	2	19	227	1	4	97	3	9	1	1	67	80	動物を<0>匹収集しよう	9	0
229	未使用	2	0	1	2	19	228	1	4	97	3	12	1	1	67	80	動物を<0>匹収集しよう	12	0
230	未使用	3	0	1	2	19	229	1	4	97	3	15	1	1	68	120	動物を<0>匹収集しよう	15	0
231	未使用	3	0	1	2	19	230	1	4	97	3	18	1	1	68	120	動物を<0>匹収集しよう	18	0
232	未使用	4	0	1	2	19	231	1	4	97	3	20	1	1	69	160	動物を<0>匹収集しよう	20	0
233	未使用	1	0	1	1	103	1	3	88	3	1	1	66	40	金貨を<0>枚集めよう	3	0
234	未使用	1	0	1	2	19	233	1	3	88	10	1	1	66	40	金貨を<0>枚集めよう	10	0
235	未使用	1	0	1	2	19	234	1	3	88	20	1	1	66	40	金貨を<0>枚集めよう	20	0
236	未使用	2	0	1	2	19	235	1	3	88	50	1	1	67	80	金貨を<0>枚集めよう	50	0
237	未使用	2	0	1	2	19	236	1	3	88	100	1	1	67	80	金貨を<0>枚集めよう	100	0
238	未使用	2	0	1	2	19	237	1	3	88	200	1	1	67	80	金貨を<0>枚集めよう	200	0
239	未使用	2	0	1	2	19	238	1	3	88	300	1	1	67	80	金貨を<0>枚集めよう	300	0
240	未使用	3	0	1	2	19	239	1	3	88	400	1	1	68	120	金貨を<0>枚集めよう	400	0
241	未使用	3	0	1	2	19	240	1	3	88	500	1	1	68	120	金貨を<0>枚集めよう	500	0
242	未使用	3	0	1	2	19	241	1	3	88	600	1	1	68	120	金貨を<0>枚集めよう	600	0
243	未使用	3	0	1	2	19	242	1	3	88	750	1	1	68	120	金貨を<0>枚集めよう	750	0
244	未使用	3	0	1	2	19	243	1	3	88	1000	1	1	68	120	金貨を<0>枚集めよう	1000	0
245	未使用	4	0	1	2	19	244	1	3	88	2000	1	1	69	160	金貨を<0>枚集めよう	2000	0
246	未使用	4	0	1	2	19	245	1	3	88	5000	1	1	69	160	金貨を<0>枚集めよう	5000	0
247	未使用	1	0	1	1	103	1	3	102	1	1	1	66	40	子供<0>人誕生	1	0
248	未使用	1	0	1	2	19	247	1	3	102	3	1	1	66	40	子供<0>人誕生	3	0
249	未使用	1	0	1	2	19	248	1	3	102	5	1	1	66	40	子供<0>人誕生	5	0
250	未使用	2	0	1	2	19	249	1	3	102	7	1	1	67	80	子供<0>人誕生	7	0
251	未使用	2	0	1	2	19	250	1	3	102	9	1	1	67	80	子供<0>人誕生	9	0
252	未使用	2	0	1	2	19	251	1	3	102	12	1	1	67	80	子供<0>人誕生	12	0
253	未使用	2	0	1	2	19	252	1	3	102	15	1	1	67	80	子供<0>人誕生	15	0
254	未使用	3	0	1	2	19	253	1	3	102	20	1	1	68	120	子供<0>人誕生	20	0
255	未使用	3	0	1	2	19	254	1	3	102	25	1	1	68	120	子供<0>人誕生	25	0
256	未使用	3	0	1	2	19	255	1	3	102	30	1	1	68	120	子供<0>人誕生	30	0
257	未使用	3	0	1	2	19	256	1	3	102	40	1	1	68	120	子供<0>人誕生	40	0
258	未使用	3	0	1	2	19	257	1	3	102	50	1	1	68	120	子供<0>人誕生	50	0
259	未使用	4	0	1	2	19	258	1	3	102	75	1	1	69	160	子供<0>人誕生	75	0
260	未使用	4	0	1	2	19	259	1	3	102	100	1	1	69	160	子供<0>人誕生	1