0	2	はじめまして。<br>先代から仕える<br>アドバイザーの者です。	建築して情報を見てみましょう。	1	2	8	151	1	2	8	351	1	2	33	152	1	2	31	39	1	5
1	2	次はこちらも<br>配置しましょう。	土地を建ててみよう。	1	2	8	351	1	3	39	1	1	3	2	31	40	2	32	10	4	35	29	1	1	1	2	31	40	1	5
2	2	なかなかいい土地ですね。<br>国王に授けてみましょう。	土地を国王に授けましょう。	2	2	65	0	2	65	1	1	3	60	1	1	1	2	31	41	1	2	31	41	0	-1
3	2	次はお宝を集めていく場所を<br>設置するのはどうでしょう	倉庫を2軒建ててみましょう。	2	2	65	0	2	65	2	1	2	8	154	6	2	31	46	2	32	10	4	35	89	1	1	4	35	91	1	1	2	32	1	2	33	154	2	2	31	46	2	33	154	1	5
4	2	建築工事には…<br>人手が必要ですね!<br>こちらをどうぞ。	住民を3人雇ってみよう	2	2	65	0	2	65	2	2	2	8	155	3	9	4	1	6	2	31	42	2	32	1	3	58	17	0	2	32	5	1	52	2	33	155	2	2	31	42	2	33	155	0	-1
5	2	工事の完了に<br>こちらはいかがでしょうか	倉庫と王の間を完成させよう	2	2	65	0	2	65	4	3	4	51	1	1	1	4	13	89	1	1	4	13	91	1	1	5	2	31	87	2	32	10	4	23	51	5	3	2	32	5	1	54	2	2	31	46	1	54	0	-1
6	2	王の間が稼働するには<br>さらにこちらも必要ですね	王の間の家具をタップしよう。	2	2	65	0	2	65	5	1	4	23	75	2	1	3	2	31	88	2	32	10	4	23	75	5	3	1	2	31	88	0	-1
7	2	今後は外部への門が<br>必要になりそうです。	門を建ててみよう	2	2	65	0	2	65	5	1	2	8	279	5	2	31	44	2	32	10	4	35	103	2	1	2	32	1	2	33	226	2	2	31	44	2	33	226	1	5
8	2	街の外にお宝が<br>眠っているかもしれません。	衛兵を派遣してみましょう。	2	2	65	0	2	65	7	1	3	48	1	1	5	2	31	45	2	32	10	1	37	2	32	10	2	44	4	1	2	31	45	1	4
9	2	しばらく眺めてみましょう<br>オススメの物がありますよ	時間を進めてみても<br>いいかもしれません。	2	2	65	0	2	65	8	1	2	8	156	5	2	31	43	2	32	10	1	53	2	32	1	2	33	156	2	2	31	43	2	33	156	0	-1
10	2	おや!ランクポイントが<br>満タンのようですね!	ランクアップしよう	3	2	65	0	3	15	1	1	1	72	1	3	15	2	1	1	2	31	63	1	2	31	63	0	-1
11	2	国の発展に｢研究｣が<br>大事な気がしてきました。	｢研究家｣を招いてみましょう。	2	2	65	0	3	15	2	1	3	3	9	5	1	2	11	6	2	8	507	5	2	31	78	2	32	10	3	11	30	1	2	32	10	2	33	506	2	2	31	78	2	33	506	0	-1
12	2	2軒目のタウンホールが<br>手に入りましたね！	タウンホールを建てましょう。	2	2	65	0	4	69	58	2	1	1	4	13	58	2	1	1	2	31	68	1	2	31	68	1	5
13	2	手に入れた宝箱を<br>開封しないといけませんね	宝箱の解析所を建てましょう。	2	2	65	0	3	62	1	1	1	2	8	280	5	2	31	56	2	32	10	4	35	107	1	1	2	32	1	2	33	227	2	2	31	56	2	33	227	0	-1
14	2	研究用にさらに施設が<br>必要になりそうです。	研究所を設置してみましょう。	2	2	65	0	2	11	6	1	2	8	378	3	2	31	54	2	32	10	4	35	108	1	1	1	2	31	54	0	-1
15	2	準備が整ったようですね。<br>さっそく研究してみましょう	研究してみましょう。	2	2	65	0	2	65	14	1	2	8	277	5	2	31	55	2	32	10	2	44	3	2	32	1	2	33	224	2	2	31	55	2	33	277	1	3
16	2	新しい住民が必要ですね…<br>冒険者を紹介してもらいましょう	冒険者を紹介してもらいましょう。	3	2	65	0	3	15	3	1	3	9	5	1	2	2	8	157	3	9	6	1	6	2	31	79	2	32	10	1	78	4	23	7	3	3	2	32	1	2	33	157	1	2	31	79	0	-1
17	2	HPが少ない住民が<br>いるようです…	HPの回復施設をつくろう	2	2	65	0	3	45	1	1	1	2	8	281	5	2	31	76	2	32	10	4	35	106	1	1	2	32	1	2	33	228	2	2	31	76	2	33	228	1	5
18	2	気を引き締めて<br>住民を育てていきましょう。	住民を育てていきましょう。	2	2	65	0	3	9	5	1	1	2	8	158	3	2	31	57	1	36	2	33	158	1	2	31	57	0	-1
19	2	食べ物を手に入れました。<br>さっそく使ってみましょう。	住民を成長させよう	2	3	15	2	1	3	22	2	1	1	2	8	276	5	2	31	61	2	32	10	2	44	1	2	32	1	2	33	223	2	2	31	61	2	33	276	1	1
20	2	街の外に…不穏な洞窟が<br>発見されたようです。	洞窟を選んで討伐しましょう。	2	3	15	2	1	3	26	1	1	1	2	8	509	3	2	31	58	2	32	10	2	33	508	3	2	31	58	2	32	10	2	33	508	0	-1
21	2	派遣先から…ボスらしき影が<br>発見されたようです！	精鋭でボスに挑みましょう。	2	3	15	1	1	3	76	1	1	1	3	68	1	1	5	2	31	59	2	32	1	4	23	27	3	3	2	32	1	2	31	60	1	2	31	60	0	-1
22	2	派遣中の住民が<br>指示を待っています。	新しい場所に派遣し直しましょう。	2	3	15	1	1	3	74	1	1	1	3	48	2	1	1	2	31	53	1	2	31	53	0	-1
23	2	馬小屋を手に入れたようですね。	馬小屋を建てよう。	2	3	15	2	1	4	69	110	1	1	1	2	8	282	3	2	31	69	2	32	1	2	33	229	2	2	31	69	2	33	229	1	5
24	2	おぉ、新しいエリアに<br>港がありますね	看板を街まで5～6個建てよう	2	3	15	2	1	2	17	15	1	4	13	105	4	1	7	2	31	70	2	32	10	4	35	105	1	1	2	32	1	2	31	71	4	23	62	1	3	4	23	61	1	3	1	2	31	70	1	5
25	2	準備は整いました<br>船を呼んでみましょう	船をよんで観光客を招きましょう	1	4	13	105	1	1	1	3	75	1	1	2	2	31	72	2	32	10	1	2	31	72	0	-1
26	2	今ある部屋は<br>他の住民も住めるようですよ	同居ベッドを配置しよう	2	3	15	2	1	4	51	0	1	1	1	2	8	287	7	2	31	73	2	32	10	2	57	236	2	32	10	4	35	134	1	1	2	32	1	2	33	234	2	2	31	73	2	33	234	1	5
27	2	街が攻め込まれましたね…。	城壁も強化していきたい所ですね。	2	3	15	2	1	3	28	1	1	1	2	8	278	6	2	31	75	2	32	1	4	23	29	3	3	4	23	38	3	3	2	32	10	2	33	225	2	2	31	75	2	33	278	0	-1
28	2	二つ目の街ができましたね!	二つの街を発展させていこう	2	3	15	2	1	3	29	2	1	1	2	8	295	21	2	31	84	2	32	1	3	11	5	1	2	32	1	4	35	89	1	1	2	32	1	4	35	91	1	1	2	32	1	4	35	107	1	1	2	32	1	4	35	106	1	1	2	32	1	4	35	103	1	1	2	32	1	4	35	248	1	1	2	32	1	4	23	62	1	3	4	23	61	1	3	2	32	1	2	31	85	2	33	242	1	2	31	84	1	5
29	2	二つの街を行き来しよう	二つの王国を行き来しよう	2	2	65	28	3	29	2	1	1	2	8	296	4	2	31	86	2	32	10	4	35	109	2	1	2	33	243	1	2	31	86	1	5
30	2	ランクアップにはアイテムが<br>必要になってきますね。	色んなアイテムを集めましょう	2	2	65	0	3	15	2	1	1	4	23	75	3	1	3	2	31	89	2	32	10	4	23	75	3	3	1	2	31	89	0	-1
31	2	今後攻め込まれた時に<br>備える必要がありそうです。	城壁のレベルアップに挑戦しよう	2	2	65	27	3	15	101	1	1	2	8	351	1	2	31	77	1	2	31	77	0	-1
32	2	<pic=grass>が多くなりましたね<br>倉庫が必要かも	<pic=grass>の倉庫を研究しよう	3	3	15	2	1	2	50	1	3	55	1	1	1	2	8	253	5	2	31	47	2	32	10	2	57	186	2	32	1	2	33	200	2	2	31	47	2	33	253	1	3
33	2	<pic=food>が多くなりましたね<br>倉庫が必要かも	<pic=food>の倉庫を研究しよう	3	3	15	2	1	2	50	3	3	55	1	1	1	2	8	254	5	2	31	48	2	32	10	2	57	188	2	32	1	2	33	201	2	2	31	48	2	33	254	1	3
34	2	<pic=wood>が多くなりましたね<br>倉庫が必要かも	<pic=wood>の倉庫を研究しよう	3	3	15	2	1	2	50	2	3	55	1	1	1	2	8	255	5	2	31	49	2	32	10	2	57	187	2	32	1	2	33	202	2	2	31	49	2	33	255	1	3
35	2	<pic=iron>が多くなりましたね<br>倉庫が必要かも	<pic=iron>の倉庫を研究しよう	3	3	15	2	1	2	50	4	3	55	1	1	1	2	8	256	5	2	31	50	2	32	10	2	57	189	2	32	1	2	33	203	2	2	31	50	2	33	256	1	3
36	2	<pic=magic>が多くなりましたね<br>倉庫が必要かも	<pic=magic>の倉庫を研究しよう	3	3	15	2	1	2	50	5	3	55	1	1	1	2	8	257	5	2	31	51	2	32	10	2	57	190	2	32	1	2	33	204	2	2	31	51	2	33	257	1	3
37	2	エナジーが不足しがちですね<br>こちらはどうでしょう	エナジーポンプと倉庫を研究しよう	3	3	15	2	1	3	61	20	2	3	55	1	1	1	2	8	258	6	2	31	52	2	32	10	2	57	192	2	57	200	2	32	1	2	33	205	2	2	31	52	2	33	258	1	3
38	2	新しい研究内容を<br>閃いちゃいました。	道を研究しよう	2	3	15	2	1	3	55	1	1	1	2	8	259	5	2	31	90	2	32	10	2	57	179	2	32	1	2	33	206	2	2	31	90	2	33	259	1	3
39	2	新しい研究内容を<br>閃いちゃいました。	井戸を研究しよう	3	3	15	2	1	3	25	1	1	3	55	2	1	1	2	8	260	5	2	31	80	2	32	10	2	57	212	2	32	1	2	33	207	2	2	31	80	2	33	260	1	3
40	2	新しい研究内容を<br>閃いちゃいました。	かまどを研究しよう	3	3	15	3	1	3	25	1	1	3	55	3	1	1	2	8	261	5	2	31	81	2	32	10	2	57	220	2	32	1	2	33	208	2	2	31	81	2	33	261	1	3
41	2	新しい研究内容を<br>閃いちゃいました。	いこいの場を研究しよう	3	3	15	4	1	3	25	1	1	3	55	4	1	1	2	8	262	5	2	31	82	2	32	10	2	57	226	2	32	1	2	33	209	2	2	31	82	2	33	262	1	3
42	2	新しい研究内容を<br>閃いちゃいました。	ベンチを研究しよう	3	3	15	5	1	3	25	1	1	3	55	5	1	1	2	8	263	5	2	31	83	2	32	10	2	57	230	2	32	1	2	33	210	2	2	31	83	2	33	263	1	3
43	2	お宝倉庫がさらに<br>必要そうですね。	宝物庫を研究しよう	2	3	15	2	1	3	62	4	1	1	2	8	264	5	2	31	93	2	32	10	2	57	193	2	32	1	2	33	211	2	2	31	93	2	33	264	1	3
44	2	アイテム倉庫がさらに<br>必要そうですね。	アイテム倉庫を研究しよう	1	3	15	2	1	1	2	8	265	5	2	31	92	2	32	10	2	57	191	2	32	1	2	33	212	2	2	31	92	2	33	265	1	3
45	2	<pic=grass>が足りませんね	畑を研究しよう	2	3	15	2	1	4	7	1	1	2	1	2	8	266	8	2	31	64	2	32	10	2	57	194	2	31	65	2	32	10	4	23	60	1	3	2	32	1	2	33	213	2	2	31	64	2	33	266	1	3
46	2	<pic=wood>が足りませんね	造林を研究しよう	2	3	15	2	1	4	7	2	1	2	1	2	8	267	8	2	31	66	2	32	10	2	57	195	2	31	67	2	32	10	4	23	61	1	3	2	32	1	2	33	214	2	2	31	66	2	33	267	1	3
47	2	派遣してモヤモヤの雲<br>を消そう	派遣場所を変えてみるといいかも	3	3	25	1	1	3	48	1	1	3	27	0	4	1	3	27	1	1	1	2	31	91	1	2	31	91	1	4
48	2	銅貨が手に入りましたね。	銅貨箱を設置しましょう。	2	3	15	2	1	4	23	12	1	1	1	2	8	283	7	2	31	94	2	32	10	4	35	248	1	1	2	32	1	2	57	276	2	32	1	2	33	230	2	2	31	94	2	33	230	1	5
49	2	銀貨が手に入りましたね。	銀貨箱を設置しましょう。	2	3	15	2	1	4	23	13	1	1	1	2	8	284	7	2	31	95	2	32	10	4	35	249	1	1	2	32	1	2	57	277	2	32	1	2	33	231	2	2	31	95	2	33	231	1	5
50	2	金貨が手に入りましたね。	金貨箱を設置しましょう。	2	3	15	2	1	4	23	14	1	1	1	2	8	285	7	2	31	96	2	32	10	4	35	250	1	1	2	32	1	2	57	278	2	32	1	2	33	232	2	2	31	96	2	33	232	1	5
51	2	王国にも武器が<br>増えてきたようですね。	仲間の装備を整えましょう。	2	3	15	2	1	4	63	0	3	1	1	2	8	272	3	2	31	62	2	32	1	2	33	219	2	2	31	62	2	33	272	1	7
52	2	新しい技を<br>手に入れたようですね。	技の装備を見直してみましょう。	2	3	15	2	1	3	64	5	1	1	2	8	275	3	2	31	74	2	32	1	2	33	222	2	2	31	74	2	33	275	1	7
53	2	酪農家が<br>仲間になりましたね。	牧場を設置しましょう。	2	3	15	2	1	2	11	12	1	2	8	268	5	2	31	97	2	32	10	2	57	197	2	32	1	2	33	215	2	2	31	97	2	33	268	1	3
54	2	牧場が建ちましたね	エサを街の外に置きましょう。	2	3	15	2	1	4	13	95	1	1	1	2	8	269	5	2	31	101	2	32	10	2	57	228	2	32	1	2	33	216	2	2	31	101	2	33	269	1	3
55	2	おや<br>モンスターが何かを<br>落としたようですね。	タマゴ倉庫を準備しましょう。	1	2	8	76	1	2	8	286	7	2	31	102	2	32	10	4	35	256	1	1	2	32	1	2	57	275	2	32	1	2	33	233	2	2	31	102	2	33	233	1	5
56	2	タマゴが見つかりましたね。<br>街で孵化をめざしましょう。	ﾓﾝｽﾀｰの部屋を研究しましょう	1	3	92	1	1	1	2	8	271	6	2	31	103	2	32	10	2	57	232	2	57	274	2	32	1	2	33	218	2	2	31	103	2	33	271	1	3
57	2	お店の中に棚を増やしても<br>いいかもしれませんね。	お店に棚を増やしてみましょう	2	3	15	2	1	4	51	2	1	1	1	2	8	288	5	2	31	104	2	32	10	4	35	144	1	1	2	32	1	2	33	235	2	2	31	104	2	33	235	1	5
58	2	お店の中に棚を増やしても<br>いいかもしれませんね。	お店に棚を増やしてみましょう	2	3	15	2	1	4	51	3	1	1	1	2	8	288	5	2	31	104	2	32	10	4	35	144	1	1	2	32	1	2	33	235	2	2	31	104	2	33	235	1	5
59	2	お店の中に棚を増やしても<br>いいかもしれませんね。	お店に棚を増やしてみましょう	2	3	15	2	1	4	51	4	1	1	1	2	8	288	5	2	31	104	2	32	10	4	35	144	1	1	2	32	1	2	33	235	2	2	31	104	2	33	235	1	5
60	2	お店の中に棚を増やしても<br>いいかもしれませんね。	お店に棚を増やしてみましょう	2	3	15	2	1	4	51	9	1	1	1	2	8	288	5	2	31	104	2	32	10	4	35	144	1	1	2	32	1	2	33	235	2	2	31	104	2	33	235	1	5
61	2	お店の中に棚を増やしても<br>いいかもしれませんね。	お店に棚を増やしてみましょう	2	3	15	2	1	4	51	6	1	1	1	2	8	289	5	2	31	104	2	32	10	4	35	145	1	1	2	32	1	2	33	236	2	2	31	104	2	33	236	1	5
62	2	お店の中に棚を増やしても<br>いいかもしれませんね。	お店に棚を増やしてみましょう	2	3	15	2	1	4	51	5	1	1	1	2	8	290	5	2	31	104	2	32	10	4	35	146	1	1	2	32	1	2	33	237	2	2	31	104	2	33	237	1	5
63	2	お店の中に棚を増やしても<br>いいかもしれませんね。	お店に棚を増やしてみましょう	2	3	15	2	1	4	51	8	1	1	1	2	8	291	5	2	31	104	2	32	10	4	35	255	1	1	2	32	1	2	33	238	2	2	31	104	2	33	238	1	5
64	2	<pic=food>が足りませんね	派遣で<pic=food>を見つけましょう	2	3	15	2	1	4	7	3	3	2	1	2	8	292	5	2	31	98	2	32	10	4	23	62	1	3	2	32	1	2	33	239	2	2	31	98	2	33	239	0	-1
65	2	<pic=iron>が足りませんね	派遣で<pic=iron>を見つけましょう	3	2	65	64	3	15	2	1	4	7	4	3	2	1	2	8	293	5	2	31	99	2	32	10	4	23	63	1	3	2	32	1	2	33	240	2	2	31	99	2	33	240	0	-1
66	2	<pic=magic>が足りませんね	派遣で<pic=magic>を見つけましょう	3	2	65	65	3	15	2	1	4	7	5	3	2	1	2	8	294	5	2	31	100	2	32	10	4	23	64	1	3	2	32	1	2	33	241	2	2	31	100	2	33	241	0	-1
67	2	鉱山を手に入れましたね。	技を装備して鉱山を活用しよう	2	3	15	2	1	4	69	96	1	1	1	2	8	297	4	2	31	105	2	32	1	4	82	66	1	9	2	33	244	2	2	31	105	2	33	244	1	5
68	2	魔石鉱山を手に入れたようですね。	技を装備して魔石鉱山を活用しよう	2	3	15	2	1	4	69	97	1	1	1	2	8	298	4	2	31	106	2	32	1	4	82	66	1	9	2	33	245	2	2	31	106	2	33	245	1	5
69	2	フレンドが増えましたね!	フレンドの滞在するベッドを<br>用意しましょう。	2	3	15	2	1	3	80	1	1	1	2	8	273	5	2	31	107	2	32	10	2	57	234	2	32	1	2	33	220	2	2	31	107	2	33	220	1	3
70	2	荒地案内を手に入れたようですね。	荒地案内を建てよう。	2	3	15	2	1	4	69	111	1	1	1	2	8	299	2	2	31	108	2	33	246	2	2	31	108	2	33	299	1	5
71	2	遠征小屋を手に入れたようですね。	遠征小屋を建てよう。	2	3	15	2	1	4	69	127	1	1	1	2	8	300	2	2	31	109	2	33	247	2	2	31	109	2	33	300	1	5
72	2	苗置き場を手に入れたようですね。	苗置き場を建てよう。	2	3	15	2	1	4	69	170	1	1	1	2	8	301	2	2	31	110	2	33	248	2	2	31	110	2	33	301	1	5
73	2	工具精製所を手に入れたようですね。	工具精製所を建てよう。	2	3	15	2	1	4	69	168	1	1	1	2	8	302	2	2	31	111	2	33	249	2	2	31	111	2	33	302	1	5
74	2	鉱石精製所を手に入れたようですね。	鉱石精製所を建てよう。	2	3	15	2	1	4	69	162	1	1	1	2	8	303	2	2	31	112	2	33	250	2	2	31	112	2	33	303	1	5
75	2	調理台を手に入れたようですね。	調理台を建てよう。	2	3	15	2	1	4	69	173	1	1	1	2	8	304	2	2	31	113	2	33	251	2	2	31	113	2	33	304	1	5
76	2	魔物の像を手に入れたようですね。	魔物の像を建てよう。	2	3	15	2	1	4	69	114	1	1	1	2	8	305	2	2	31	114	2	33	252	2	2	31	114	2	33	305	1	5
77	2	魔物除け 玉を手に入れたようですね。	魔物除け 玉を建てよう。	2	3	15	2	1	4	69	115	1	1	1	2	8	305	2	2	31	115	2	33	252	2	2	31	115	2	33	305	1	5
78	2	魔物除け 剣を手に入れたようですね。	魔物除け 剣を建てよう。	2	3	15	2	1	4	69	116	1	1	1	2	8	305	2	2	31	116	2	33	252	2	2	31	116	2	33	305	1	5
79	2	魔物除け 石碑を手に入れたようですね。	魔物除け 石碑を建てよう。	2	3	15	2	1	4	69	117	1	1	1	2	8	305	2	2	31	117	2	33	252	2	2	31	117	2	33	305	1	5
80	2	我が王国にもついに<br>武器屋ができましたね。	武器屋ができましたね。	2	3	15	2	1	4	51	2	1	1	1	2	8	319	5	2	31	120	2	32	1	4	23	79	1	3	2	32	1	2	33	306	2	2	31	120	2	33	319	0	-1
81	2	我が王国にもついに<br>防具屋ができましたね。	防具屋ができましたね。	2	3	15	2	1	4	51	3	1	1	1	2	8	320	5	2	31	121	2	32	1	4	23	79	1	3	2	32	1	2	33	307	2	2	31	121	2	33	320	0	-1
82	2	我が王国にもついに<br>ｱｲﾃﾑ屋ができましたね。	ｱｲﾃﾑ屋ができましたね。	2	3	15	2	1	4	51	4	1	1	1	2	8	321	5	2	31	122	2	32	1	4	23	80	1	3	2	32	1	2	33	308	2	2	31	122	2	33	321	0	-1
83	2	我が王国にもついに<br>家具屋ができましたね。	家具屋ができましたね。	2	3	15	2	1	4	51	5	1	1	1	2	8	322	5	2	31	123	2	32	1	4	23	75	1	3	2	32	1	2	33	309	2	2	31	123	2	33	322	0	-1
84	2	我が王国にもついに<br>技屋ができましたね。	技屋ができましたね。	2	3	15	2	1	4	51	6	1	1	1	2	8	323	5	2	31	124	2	32	1	4	23	83	1	3	2	32	1	2	33	310	2	2	31	124	2	33	323	0	-1
85	2	我が王国にもついに<br>宿屋ができましたね。	宿屋ができましたね。	2	3	15	2	1	4	51	7	1	1	1	2	8	324	5	2	31	125	2	32	1	4	23	62	1	3	2	32	1	2	33	311	2	2	31	125	2	33	324	0	-1
86	2	我が王国にもついに<br>飯屋ができましたね。	飯屋ができましたね。	2	3	15	2	1	4	51	8	1	1	1	2	8	325	5	2	31	126	2	32	1	4	23	78	1	3	2	32	1	2	33	312	2	2	31	126	2	33	325	0	-1
87	2	我が王国にもついに<br>ｱｸｾｻﾘ屋ができましたね。	ｱｸｾｻﾘ屋ができましたね。	2	3	15	2	1	4	51	9	1	1	1	2	8	326	5	2	31	127	2	32	1	4	23	81	1	3	2	32	1	2	33	313	2	2	31	127	2	33	326	0	-1
88	2	我が王国にもついに<br>回復の間ができましたね。	回復の間ができましたね。	2	3	15	2	1	4	51	10	1	1	1	2	8	327	5	2	31	128	2	32	1	4	23	82	1	3	2	32	1	2	33	314	2	2	31	128	2	33	327	0	-1
89	2	我が王国にもついに<br>解析の間ができましたね。	解析の間ができましたね。	2	3	15	2	1	4	51	11	1	1	1	2	8	328	5	2	31	129	2	32	1	4	23	80	1	3	2	32	1	2	33	315	2	2	31	129	2	33	328	0	-1
90	2	我が王国にもついに<br>研究所ができましたね。	研究所ができましたね。	2	3	15	2	1	4	51	12	1	1	1	2	8	329	5	2	31	130	2	32	1	4	23	77	1	3	2	32	1	2	33	316	2	2	31	130	2	33	329	0	-1
91	2	我が王国にもついに<br>病院ができましたね。	病院ができましたね。	2	3	15	2	1	4	51	13	1	1	1	2	8	330	5	2	31	131	2	32	1	4	23	84	1	3	2	32	1	2	33	317	2	2	31	131	2	33	330	0	-1
92	2	我が王国にもついに<br>教会ができましたね。	教会ができましたね。	2	3	15	2	1	4	51	14	1	1	1	2	8	331	5	2	31	132	2	32	1	4	23	82	1	3	2	32	1	2	33	318	2	2	31	132	2	33	331	0	-1
93	2	街の重要職業は…複数居てもいいかもしれませんね	余力ができたら雇いましょう	1	3	15	4	1	1	2	8	511	10	2	31	118	2	32	1	3	11	30	1	2	32	1	3	11	5	1	2	32	1	2	34	11	2	32	1	2	31	119	2	33	510	2	2	31	119	2	33	510	0	-1
94	2	なにやら新しい…エリアが<br>みつかったようですよ！	平和をさらに<br>高めていきましょう！	2	3	16	68	1	4	13	58	3	1	1	2	8	517	6	2	31	38	2	32	1	2	95	3	2	32	1	2	34	10	2	33	516	2	2	31	38	2	33	516	0	-1
95	2	どうやら…新しい住居タイプ<br>が見つかったようです！	大工や運び屋などに<br>家を建てよう。	2	3	15	10	1	4	13	58	2	1	1	2	8	519	3	2	31	374	2	96	17	2	33	518	2	2	31	374	2	33	518	0	-1
96	2	我が王国にもついに<br>調査隊室ができましたね。	調査隊室ができましたね。	2	3	15	2	1	4	51	17	1	1	1	2	8	521	3	2	31	375	2	32	1	2	33	520	2	2	31	376	2	33	520	0	-1
97	2	混沌の岩を<br>手に入れたようですね。	混沌の岩を設置してみよう	2	3	15	2	1	4	69	221	1	1	1	2	8	523	3	2	31	377	2	32	1	2	33	522	2	2	31	377	2	33	522	1	5
98	2	領内の埋め立てを<br>手に入れたようですね。	領地内の水辺を埋め立てよう	2	3	15	2	1	4	69	277	1	1	1	2	8	525	3	2	31	378	2	32	1	2	33	524	2	2	31	378	2	33	524	1	5
99	2	おぉ！上級倉庫 野草を<br>手に入れましたね	新しい倉庫を建てましょう！	2	3	15	2	1	4	69	268	1	1	1	2	8	527	3	2	31	379	2	32	1	2	33	526	2	2	31	379	2	33	526	1	5
100	2	おぉ！上級倉庫 木材を<br>手に入れましたね	新しい倉庫を建てましょう！	2	3	15	2	1	4	69	269	1	1	1	2	8	527	3	2	31	379	2	32	1	2	33	526	2	2	31	379	2	33	526	1	5
101	2	おぉ！上級倉庫 食糧を<br>手に入れましたね	新しい倉庫を建てましょう！	2	3	15	2	1	4	69	270	1	1	1	2	8	527	3	2	31	379	2	32	1	2	33	526	2	2	31	379	2	33	526	1	5
102	2	おぉ！上級倉庫 鉱石を<br>手に入れましたね	新しい倉庫を建てましょう！	2	3	15	2	1	4	69	271	1	1	1	2	8	527	3	2	31	379	2	32	1	2	33	526	2	2	31	379	2	33	526	1	5
103	2	おぉ！上級倉庫 魔石を<br>手に入れましたね	新しい倉庫を建てましょう！	2	3	15	2	1	4	69	272	1	1	1	2	8	527	3	2	31	379	2	32	1	2	33	526	2	2	31	379	2	33	526	1	5
104	2	おぉ！上級倉庫 ｴﾅｼﾞｰを<br>手に入れましたね	新しい倉庫を建てましょう！	2	3	15	2	1	4	69	273	1	1	1	2	8	527	3	2	31	379	2	32	1	2	33	526	2	2	31	379	2	33	526	1	5
105	2	おぉ！上級倉庫 宝物を<br>手に入れましたね	新しい倉庫を建てましょう！	2	3	15	2	1	4	69	274	1	1	1	2	8	527	3	2	31	379	2	32	1	2	33	526	2	2	31	379	2	33	526	1	5
106	2	おぉ！上級倉庫 ｱｲﾃﾑを<br>手に入れましたね	新しい倉庫を建てましょう！	2	3	15	2	1	4	69	275	1	1	1	2	8	527	3	2	31	379	2	32	1	2	33	526	2	2	31	379	2	33	526	1	5
107	2	おぉ！上級倉庫 ﾀﾏｺﾞを<br>手に入れましたね	新しい倉庫を建てましょう！	2	3	15	2	1	4	69	276	1	1	1	2	8	527	3	2	31	379	2	32	1	2	33	526	2	2	31	379	2	33	526	1	5
108	2	ランクがかなり高まって<br>きましたね	ランク上限アップの<br>秘宝を探しましょう	1	3	15	35	4	1	2	8	529	3	2	31	380	2	32	1	2	33	528	2	2	31	380	2	33	528	0	-1
109	2	どうやら…新しい住居タイプ<br>が見つかったようです！	高ランクの農民に<br>家を建てよう。	2	3	15	12	1	2	11	2	1	2	8	532	3	2	31	382	2	96	18	2	33	531	2	2	31	382	2	33	531	0	-1
110	2	新しいレジを<br>手に入れたようですね。	店番付レジを上書きしよう	2	3	15	2	1	4	69	296	1	1	1	2	8	534	3	2	31	383	2	32	1	2	33	533	2	2	31	383	2	33	533	1	5
111	2	おぉ！我が王国にも<br>サンタが来てくれました。	サンタさんの家を整えよう	2	3	15	2	1	2	11	26	1	2	8	536	4	2	31	384	2	96	19	2	32	1	2	33	535	2	2	31	384	2	33	535	1	5
112	2	サンタの家ができたので<br>トナカイもほしいですね	トナカイを研究しよう	2	3	15	2	1	4	51	19	1	1	1	2	8	538	5	2	31	385	2	32	10	2	57	302	2	32	1	2	33	537	2	2	31	385	2	33	537	1	3
113	2	トナカイを三頭集めたので<br>プレゼントが届いています!	新しい装備を確認しよう！	2	3	15	2	1	4	13	300	3	1	1	2	8	540	5	2	31	386	2	32	1	4	81	311	1	3	2	32	1	2	33	539	2	2	31	386	2	33	539	0	-1
114	2	なにやら強力な･･･エリアが<br>みつかったようですよ！	気を引き締めていきましょう…!	5	3	15	50	1	1	103	3	100	1	1	3	16	80	1	4	13	58	5	1	1	2	8	545	6	2	31	38	2	32	1	2	95	4	2	32	1	2	34	10	2	33	544	2	2	31	38	2	33	544	0	-1
115	2	おや・・・親密度が<br>高まった住民がいますね	教会を建てて見てみましょう！	2	3	15	2	1	1	103	1	2	8	547	3	2	31	391	2	32	1	2	33	546	3	2	31	391	2	32	1	2	33	546	0	-1
116	2	結婚した住民に動きが<br>あるような気がします。	ベビーベッドを建てましょう	4	3	15	2	1	1	103	4	13	58	3	1	3	101	1	1	1	4	13	245	1	1	11	2	31	392	2	32	1	4	35	245	1	1	2	32	1	2	31	393	2	32	1	2	96	20	2	96	21	2	96	22	2	96	23	2	96	24	1	2	31	393	1	5
117	2	さらに子が産まれたあとに<br>成長を助ける施設が必要です	保育施設を建てましょう	3	3	15	2	1	1	103	4	13	245	1	1	1	4	13	219	1	1	5	2	31	394	2	32	1	4	35	219	1	1	2	32	1	2	31	395	1	2	31	395	1	5
118	2	ついに2世が街に<br>現れましたね！	飛空艇乗り場を建てましょう	3	3	15	2	1	1	103	3	100	1	1	1	4	13	301	1	1	11	2	31	396	2	32	1	2	31	397	2	32	1	2	31	398	2	32	1	2	57	305	2	32	1	4	35	301	1	1	2	32	1	2	31	399	1	2	31	399	1	5
119	2	一味違う旅人向けには<br>収集品が必要になりそうです	収集家の間を建てましょう	3	3	15	2	1	1	103	4	13	301	1	1	1	4	13	302	1	1	5	2	31	400	2	32	1	4	35	302	1	1	2	32	1	2	31	401	1	2	31	401	1	5
120	2	新しい職業が増えましたね	今後の活躍に期待します。	3	3	15	2	1	1	103	2	11	27	1	2	8	549	9	2	31	402	2	32	1	2	99	136	2	99	137	2	99	138	2	99	139	2	99	140	2	32	1	2	33	548	3	2	31	402	2	32	1	2	33	548	0	-1
121	2	新しい職業が増えましたね	今後の活躍に期待します。	3	3	15	2	1	1	103	2	11	28	1	2	8	551	9	2	31	403	2	32	1	2	99	141	2	99	142	2	99	143	2	99	144	2	99	145	2	32	1	2	33	550	3	2	31	403	2	32	1	2	33	550	0	-1
122	2	新しい職業が増えましたね	今後の活躍に期待します。	3	3	15	2	1	1	103	2	11	29	1	2	8	553	9	2	31	404	2	32	1	2	99	146	2	99	147	2	99	148	2	99	149	2	99	150	2	32	1	2	33	552	3	2	31	404	2	32	1	2	33	552	0	-1
123	2	新しい職業が増えましたね	今後の活躍に期待します。	3	3	15	2	1	1	103	2	11	30	1	2	8	555	9	2	31	405	2	32	1	2	99	151	2	99	152	2	99	153	2	99	154	2	99	155	2	32	1	2	33	554	3	2	31	405	2	32	1	2	33	554	0	-1
124	2	新しい職業が増えましたね	今後の活躍に期待します。	3	3	15	2	1	1	103	2	11	31	1	2	8	557	9	2	31	406	2	32	1	2	99	156	2	99	157	2	99	158	2	99	159	2	99	160	2	32	1	2	33	556	3	2	31	406	2	32	1	2	33	556	0	-1
125	2	新しい職業が増えましたね	今後の活躍に期待します。	3	3	15	2	1	1	103	2	11	32	1	2	8	559	33	2	31	407	2	32	1	2	99	161	2	99	162	2	99	163	2	99	164	2	99	165	2	32	1	1	98	1	98	1	98	1	98	1	98	1	98	1	98	1	98	1	98	1	98	1	98	1	98	1	98	1	98	1	98	1	98	1	98	1	98	1	98	1	98	1	98	1	98	1	98	2	32	1	2	33	558	3	2	31	407	2	32	1	2	33	558	0	-1
126	2	なんと王の子が<br>ついに街に誕生です。	今後の活躍に期待します。	3	3	15	2	1	1	103	2	11	33	1	2	8	561	9	2	31	408	2	32	1	2	99	166	2	99	167	2	99	168	2	99	169	2	99	170	2	32	1	2	33	560	3	2	31	408	2	32	1	2	33	560	0	-1
127	2	アトリエができましたね！	アトリエができましたね！	3	3	15	2	1	1	103	4	51	20	1	1	1	2	8	563	3	2	31	409	2	32	1	2	33	562	3	2	31	409	2	32	1	2	33	562	0	-1
128	2	昆虫館ができましたね！	昆虫館ができましたね！	3	3	15	2	1	1	103	4	51	21	1	1	1	2	8	565	9	2	31	410	2	32	1	2	57	303	2	32	1	4	35	288	1	1	2	32	1	4	35	295	1	1	2	32	1	2	33	564	3	2	31	410	2	32	1	2	33	564	0	-1
129	2	水族館ができましたね！	水族館ができましたね！	3	3	15	2	1	1	103	4	51	22	1	1	1	2	8	567	9	2	31	411	2	32	1	2	57	304	2	32	1	4	35	303	1	1	2	32	1	4	35	294	1	1	2	32	1	2	33	566	3	2	31	411	2	32	1	2	33	566	0	-1
130	2	動物園ができましたね！	動物園ができましたね！	3	3	15	2	1	1	103	4	51	23	1	1	1	2	8	569	5	2	31	412	2	32	1	4	35	292	1	1	2	32	1	2	33	568	3	2	31	412	2	32	1	2	33	568	0	-1
131	2	博物館ができましたね！	博物館ができましたね！	3	3	15	2	1	1	103	4	51	24	1	1	1	2	8	571	5	2	31	413	2	32	1	4	35	293	1	1	2	32	1	2	33	570	3	2	31	413	2	32	1	2	33	570	0	-1
132	2	なにやら強力な･･･エリアが<br>みつかったようですよ！	気を引き締めていきましょう…!	9	3	15	80	1	3	100	5	1	3	16	85	1	4	13	58	5	1	3	18	180	1	4	97	0	7	1	4	97	1	7	1	4	97	2	7	1	4	97	3	7	1	1	2	8	576	6	2	31	38	2	32	1	2	95	5	2	32	1	2	34	10	2	33	575	2	2	31	38	2	33	575	