0	命の聖水 #1	0	0	0	4	0	1	3	100	1	1	750	2	4	23	66	4	1	4	23	70	23	1	全住民のHPが10増えます	1	7	10	10	3
1	命の聖水 #2	0	0	0	4	0	2	3	15	65	1	4	91	0	1	1	750	2	4	23	66	4	1	4	23	70	24	1	全住民のHPが10増えます	1	7	10	10	3
2	命の聖水 #3	0	0	0	4	0	2	3	15	70	1	4	91	1	1	1	750	2	4	23	66	4	1	4	23	70	26	1	全住民のHPが10増えます	1	7	10	10	3
3	命の聖水 #4	0	0	0	4	0	2	3	15	75	1	4	91	2	1	1	750	2	4	23	66	4	1	4	23	70	27	1	全住民のHPが10増えます	1	7	10	10	3
4	命の聖水 #5	0	0	0	4	0	2	3	15	80	1	4	91	3	1	1	750	2	4	23	66	4	1	4	23	70	29	1	全住民のHPが10増えます	1	7	10	10	3
5	命の聖水 #6	0	0	0	4	0	2	3	15	85	1	4	91	4	1	1	750	2	4	23	66	4	1	4	23	70	30	1	全住民のHPが10増えます	1	7	10	10	3
6	命の聖水 #7	0	0	0	4	0	0	750	0	全住民のHPが10増えます	1	7	10	10	0
7	命の聖水 #8	0	0	0	4	0	0	750	0	全住民のHPが10増えます	1	7	10	10	0
8	命の聖水 #9	0	0	0	4	0	0	750	0	全住民のHPが10増えます	1	7	10	10	0
9	命の聖水 #10	0	0	0	4	0	0	750	0	全住民のHPが10増えます	1	7	10	10	0
10	命の聖水 #11	0	0	0	4	0	1	3	15	1	1	750	2	4	23	66	4	1	4	23	70	5	1	全住民のHPが10増えます	1	7	10	10	3
11	命の聖水 #12	0	0	0	4	0	2	3	15	3	1	4	91	10	1	1	750	2	4	23	66	4	1	4	23	70	5	1	全住民のHPが10増えます	1	7	10	10	3
12	命の聖水 #13	0	0	0	4	0	2	3	15	6	1	4	91	11	1	1	750	2	4	23	66	4	1	4	23	70	6	1	全住民のHPが10増えます	1	7	10	10	3
13	命の聖水 #14	0	0	0	4	0	2	3	15	9	1	4	91	12	1	1	750	2	4	23	67	3	1	4	23	70	7	1	全住民のHPが10増えます	1	7	10	10	3
14	命の聖水 #15	0	0	0	4	0	2	3	15	15	1	4	91	13	1	1	750	2	4	23	67	3	1	4	23	70	9	1	全住民のHPが10増えます	1	7	10	10	3
15	命の聖水 #16	0	0	0	4	0	2	3	15	20	1	4	91	14	1	1	750	2	4	23	67	3	1	4	23	70	11	1	全住民のHPが10増えます	1	7	10	10	3
16	命の聖水 #17	0	0	0	4	0	2	3	15	30	1	4	91	15	1	1	750	2	4	23	68	2	1	4	23	70	14	1	全住民のHPが10増えます	1	7	10	10	3
17	命の聖水 #18	0	0	0	4	0	2	3	15	45	1	4	91	16	1	1	750	2	4	23	68	2	1	4	23	70	18	1	全住民のHPが10増えます	1	7	10	10	3
18	命の聖水 #19	0	0	0	4	0	2	3	15	65	1	4	91	17	1	1	750	2	4	23	69	1	1	4	23	70	24	1	全住民のHPが10増えます	1	7	10	10	3
19	命の聖水 #20	0	0	0	4	0	2	3	15	80	1	4	91	18	1	1	750	2	4	23	69	1	1	4	23	70	29	1	全住民のHPが10増えます	1	7	10	10	3
20	知の聖水 #1	0	0	0	5	0	1	3	100	1	1	750	2	4	23	66	4	1	4	23	70	23	1	全住民のMPが10増えます	1	8	10	10	3
21	知の聖水 #2	0	0	0	5	0	2	3	15	65	1	4	91	20	1	1	750	2	4	23	66	4	1	4	23	70	24	1	全住民のMPが10増えます	1	8	10	10	3
22	知の聖水 #3	0	0	0	5	0	2	3	15	70	1	4	91	21	1	1	750	2	4	23	66	4	1	4	23	70	26	1	全住民のMPが10増えます	1	8	10	10	3
23	知の聖水 #4	0	0	0	5	0	2	3	15	75	1	4	91	22	1	1	750	2	4	23	66	4	1	4	23	70	27	1	全住民のMPが10増えます	1	8	10	10	3
24	知の聖水 #5	0	0	0	5	0	2	3	15	80	1	4	91	23	1	1	750	2	4	23	66	4	1	4	23	70	29	1	全住民のMPが10増えます	1	8	10	10	3
25	知の聖水 #6	0	0	0	5	0	2	3	15	85	1	4	91	24	1	1	750	2	4	23	66	4	1	4	23	70	30	1	全住民のMPが10増えます	1	8	10	10	3
26	知の聖水 #7	0	0	0	5	0	0	750	0	全住民のMPが10増えます	1	8	10	10	0
27	知の聖水 #8	0	0	0	5	0	0	750	0	全住民のMPが10増えます	1	8	10	10	0
28	知の聖水 #9	0	0	0	5	0	0	750	0	全住民のMPが10増えます	1	8	10	10	0
29	知の聖水 #10	0	0	0	5	0	0	750	0	全住民のMPが10増えます	1	8	10	10	0
30	知の聖水 #11	0	0	0	5	0	1	3	15	1	1	750	2	4	23	66	4	1	4	23	70	5	1	全住民のMPが10増えます	1	8	10	10	3
31	知の聖水 #12	0	0	0	5	0	2	3	15	4	1	4	91	30	1	1	750	2	4	23	66	4	1	4	23	70	6	1	全住民のMPが10増えます	1	8	10	10	3
32	知の聖水 #13	0	0	0	5	0	2	3	15	9	1	4	91	31	1	1	750	2	4	23	66	4	1	4	23	70	7	1	全住民のMPが10増えます	1	8	10	10	3
33	知の聖水 #14	0	0	0	5	0	2	3	15	15	1	4	91	32	1	1	750	2	4	23	67	3	1	4	23	70	9	1	全住民のMPが10増えます	1	8	10	10	3
34	知の聖水 #15	0	0	0	5	0	2	3	15	24	1	4	91	33	1	1	750	2	4	23	67	3	1	4	23	70	12	1	全住民のMPが10増えます	1	8	10	10	3
35	知の聖水 #16	0	0	0	5	0	2	3	15	32	1	4	91	34	1	1	750	2	4	23	67	3	1	4	23	70	14	1	全住民のMPが10増えます	1	8	10	10	3
36	知の聖水 #17	0	0	0	5	0	2	3	15	40	1	4	91	35	1	1	750	2	4	23	68	2	1	4	23	70	17	1	全住民のMPが10増えます	1	8	10	10	3
37	知の聖水 #18	0	0	0	5	0	2	3	15	50	1	4	91	36	1	1	750	2	4	23	68	2	1	4	23	70	20	1	全住民のMPが10増えます	1	8	10	10	3
38	知の聖水 #19	0	0	0	5	0	2	3	15	65	1	4	91	37	1	1	750	2	4	23	69	1	1	4	23	70	24	1	全住民のMPが10増えます	1	8	10	10	3
39	知の聖水 #20	0	0	0	5	0	2	3	15	75	1	4	91	38	1	1	750	2	4	23	69	1	1	4	23	70	27	1	全住民のMPが10増えます	1	8	10	10	3
40	活力の聖水 #1	0	0	0	6	0	0	750	0	全住民の元気が10増えます	1	9	10	10	0
41	活力の聖水 #2	0	0	0	6	0	1	3	100	1	1	750	2	4	23	66	4	1	4	23	70	23	1	全住民の元気が10増えます	1	9	10	10	3
42	活力の聖水 #3	0	0	0	6	0	2	3	15	65	1	4	91	41	1	1	750	2	4	23	66	4	1	4	23	70	24	1	全住民の元気が10増えます	1	9	10	10	3
43	活力の聖水 #4	0	0	0	6	0	2	3	15	70	1	4	91	42	1	1	750	2	4	23	66	4	1	4	23	70	26	1	全住民の元気が10増えます	1	9	10	10	3
44	活力の聖水 #5	0	0	0	6	0	2	3	15	75	1	4	91	43	1	1	750	2	4	23	66	4	1	4	23	70	27	1	全住民の元気が10増えます	1	9	10	10	3
45	活力の聖水 #6	0	0	0	6	0	2	3	15	80	1	4	91	44	1	1	750	2	4	23	66	4	1	4	23	70	29	1	全住民の元気が10増えます	1	9	10	10	3
46	活力の聖水 #7	0	0	0	6	0	0	750	0	全住民の元気が10増えます	1	9	10	10	0
47	活力の聖水 #8	0	0	0	6	0	0	750	0	全住民の元気が10増えます	1	9	10	10	0
48	活力の聖水 #9	0	0	0	6	0	0	750	0	全住民の元気が10増えます	1	9	10	10	0
49	活力の聖水 #10	0	0	0	6	0	0	750	0	全住民の元気が10増えます	1	9	10	10	0
50	活力の聖水 #11	0	0	0	6	0	1	3	15	8	1	750	2	4	23	66	4	1	4	23	70	7	1	全住民の元気が10増えます	1	9	10	10	3
51	活力の聖水 #12	0	0	0	6	0	2	3	15	12	1	4	91	50	1	1	750	2	4	23	66	4	1	4	23	70	8	1	全住民の元気が10増えます	1	9	10	10	3
52	活力の聖水 #13	0	0	0	6	0	2	3	15	17	1	4	91	51	1	1	750	2	4	23	66	4	1	4	23	70	10	1	全住民の元気が10増えます	1	9	10	10	3
53	活力の聖水 #14	0	0	0	6	0	2	3	15	24	1	4	91	52	1	1	750	2	4	23	67	3	1	4	23	70	12	1	全住民の元気が10増えます	1	9	10	10	3
54	活力の聖水 #15	0	0	0	6	0	2	3	15	32	1	4	91	53	1	1	750	2	4	23	67	3	1	4	23	70	14	1	全住民の元気が10増えます	1	9	10	10	3
55	活力の聖水 #16	0	0	0	6	0	2	3	15	39	1	4	91	54	1	1	750	2	4	23	67	3	1	4	23	70	16	1	全住民の元気が10増えます	1	9	10	10	3
56	活力の聖水 #17	0	0	0	6	0	2	3	15	49	1	4	91	55	1	1	750	2	4	23	68	2	1	4	23	70	19	1	全住民の元気が10増えます	1	9	10	10	3
57	活力の聖水 #18	0	0	0	6	0	2	3	15	59	1	4	91	56	1	1	750	2	4	23	68	2	1	4	23	70	22	1	全住民の元気が10増えます	1	9	10	10	3
58	活力の聖水 #19	0	0	0	6	0	2	3	15	69	1	4	91	57	1	1	750	2	4	23	69	1	1	4	23	70	25	1	全住民の元気が10増えます	1	9	10	10	3
59	活力の聖水 #20	0	0	0	6	0	2	3	15	79	1	4	91	58	1	1	750	2	4	23	69	1	1	4	23	70	28	1	全住民の元気が10増えます	1	9	10	10	3
60	力の聖水 #1	0	0	0	7	0	0	750	0	全住民の攻撃力が10増えます	1	10	10	10	0
61	力の聖水 #2	0	0	0	7	0	1	3	100	1	1	750	2	4	23	66	4	1	4	23	70	23	1	全住民の攻撃力が10増えます	1	10	10	10	3
62	力の聖水 #3	0	0	0	7	0	2	3	15	65	1	4	91	61	1	1	750	2	4	23	66	4	1	4	23	70	24	1	全住民の攻撃力が10増えます	1	10	10	10	3
63	力の聖水 #4	0	0	0	7	0	2	3	15	70	1	4	91	62	1	1	750	2	4	23	66	4	1	4	23	70	26	1	全住民の攻撃力が10増えます	1	10	10	10	3
64	力の聖水 #5	0	0	0	7	0	2	3	15	75	1	4	91	63	1	1	750	2	4	23	66	4	1	4	23	70	27	1	全住民の攻撃力が10増えます	1	10	10	10	3
65	力の聖水 #6	0	0	0	7	0	2	3	15	80	1	4	91	64	1	1	750	2	4	23	66	4	1	4	23	70	29	1	全住民の攻撃力が10増えます	1	10	10	10	3
66	力の聖水 #7	0	0	0	7	0	0	750	0	全住民の攻撃力が10増えます	1	10	10	10	0
67	力の聖水 #8	0	0	0	7	0	0	750	0	全住民の攻撃力が10増えます	1	10	10	10	0
68	力の聖水 #9	0	0	0	7	0	0	750	0	全住民の攻撃力が10増えます	1	10	10	10	0
69	力の聖水 #10	0	0	0	7	0	0	750	0	全住民の攻撃力が10増えます	1	10	10	10	0
70	力の聖水 #11	0	0	0	7	0	1	3	15	1	1	750	2	4	23	66	4	1	4	23	70	5	1	全住民の攻撃力が10増えます	1	10	10	10	3
71	力の聖水 #12	0	0	0	7	0	2	3	15	8	1	4	91	70	1	1	750	2	4	23	66	4	1	4	23	70	7	1	全住民の攻撃力が10増えます	1	10	10	10	3
72	力の聖水 #13	0	0	0	7	0	2	3	15	16	1	4	91	71	1	1	750	2	4	23	66	4	1	4	23	70	9	1	全住民の攻撃力が10増えます	1	10	10	10	3
73	力の聖水 #14	0	0	0	7	0	2	3	15	24	1	4	91	72	1	1	750	2	4	23	67	3	1	4	23	70	12	1	全住民の攻撃力が10増えます	1	10	10	10	3
74	力の聖水 #15	0	0	0	7	0	2	3	15	32	1	4	91	73	1	1	750	2	4	23	67	3	1	4	23	70	14	1	全住民の攻撃力が10増えます	1	10	10	10	3
75	力の聖水 #16	0	0	0	7	0	2	3	15	48	1	4	91	74	1	1	750	2	4	23	67	3	1	4	23	70	19	1	全住民の攻撃力が10増えます	1	10	10	10	3
76	力の聖水 #17	0	0	0	7	0	2	3	15	56	1	4	91	75	1	1	750	2	4	23	68	2	1	4	23	70	21	1	全住民の攻撃力が10増えます	1	10	10	10	3
77	力の聖水 #18	0	0	0	7	0	2	3	15	72	1	4	91	76	1	1	750	2	4	23	68	2	1	4	23	70	26	1	全住民の攻撃力が10増えます	1	10	10	10	3
78	力の聖水 #19	0	0	0	7	0	2	3	15	88	1	4	91	77	1	1	750	2	4	23	69	1	1	4	23	70	31	1	全住民の攻撃力が10増えます	1	10	10	10	3
79	力の聖水 #20	0	0	0	7	0	2	3	15	95	1	4	91	78	1	1	750	2	4	23	69	1	1	4	23	70	33	1	全住民の攻撃力が10増えます	1	10	10	10	3
80	守の聖水 #1	0	0	0	8	0	0	750	0	全住民の防御力が10増えます	1	11	10	10	0
81	守の聖水 #2	0	0	0	8	0	1	3	100	1	1	750	2	4	23	66	4	1	4	23	70	5	1	全住民の防御力が10増えます	1	11	10	10	3
82	守の聖水 #3	0	0	0	8	0	2	3	15	60	1	4	91	81	1	1	750	2	4	23	66	4	1	4	23	70	23	1	全住民の防御力が10増えます	1	11	10	10	3
83	守の聖水 #4	0	0	0	8	0	2	3	15	65	1	4	91	82	1	1	750	2	4	23	66	4	1	4	23	70	24	1	全住民の防御力が10増えます	1	11	10	10	3
84	守の聖水 #5	0	0	0	8	0	2	3	15	70	1	4	91	83	1	1	750	2	4	23	66	4	1	4	23	70	26	1	全住民の防御力が10増えます	1	11	10	10	3
85	守の聖水 #6	0	0	0	8	0	2	3	15	75	1	4	91	84	1	1	750	2	4	23	66	4	1	4	23	70	27	1	全住民の防御力が10増えます	1	11	10	10	3
86	守の聖水 #7	0	0	0	8	0	0	750	0	全住民の防御力が10増えます	1	11	10	10	0
87	守の聖水 #8	0	0	0	8	0	0	750	0	全住民の防御力が10増えます	1	11	10	10	0
88	守の聖水 #9	0	0	0	8	0	0	750	0	全住民の防御力が10増えます	1	11	10	10	0
89	守の聖水 #10	0	0	0	8	0	0	750	0	全住民の防御力が10増えます	1	11	10	10	0
90	守の聖水 #11	0	0	0	8	0	1	3	15	10	1	750	2	4	23	66	4	1	4	23	70	8	1	全住民の防御力が10増えます	1	11	10	10	3
91	守の聖水 #12	0	0	0	8	0	2	3	15	19	1	4	91	90	1	1	750	2	4	23	66	4	1	4	23	70	10	1	全住民の防御力が10増えます	1	11	10	10	3
92	守の聖水 #13	0	0	0	8	0	2	3	15	28	1	4	91	91	1	1	750	2	4	23	66	4	1	4	23	70	13	1	全住民の防御力が10増えます	1	11	10	10	3
93	守の聖水 #14	0	0	0	8	0	2	3	15	37	1	4	91	92	1	1	750	2	4	23	67	3	1	4	23	70	16	1	全住民の防御力が10増えます	1	11	10	10	3
94	守の聖水 #15	0	0	0	8	0	2	3	15	46	1	4	91	93	1	1	750	2	4	23	67	3	1	4	23	70	18	1	全住民の防御力が10増えます	1	11	10	10	3
95	守の聖水 #16	0	0	0	8	0	2	3	15	55	1	4	91	94	1	1	750	2	4	23	67	3	1	4	23	70	21	1	全住民の防御力が10増えます	1	11	10	10	3
96	守の聖水 #17	0	0	0	8	0	2	3	15	64	1	4	91	95	1	1	750	2	4	23	68	2	1	4	23	70	24	1	全住民の防御力が10増えます	1	11	10	10	3
97	守の聖水 #18	0	0	0	8	0	2	3	15	73	1	4	91	96	1	1	750	2	4	23	68	2	1	4	23	70	26	1	全住民の防御力が10増えます	1	11	10	10	3
98	守の聖水 #19	0	0	0	8	0	2	3	15	80	1	4	91	97	1	1	750	2	4	23	69	1	1	4	23	70	29	1	全住民の防御力が10増えます	1	11	10	10	3
99	守の聖水 #20	0	0	0	8	0	2	3	15	92	1	4	91	98	1	1	750	2	4	23	69	1	1	4	23	70	32	1	全住民の防御力が10増えます	1	11	10	10	3
100	古の図面 #1 	0	0	0	9	0	0	750	0	全施設の最大耐久度が10増えます	1	12	10	10	0
101	古の図面 #2	0	0	0	9	0	0	750	0	全施設の最大耐久度が10増えます	1	12	10	10	0
102	古の図面 #3	0	0	0	9	0	0	750	0	全施設の最大耐久度が10増えます	1	12	10	10	0
103	古の図面 #4	0	0	0	9	0	1	3	15	1	1	750	2	4	23	66	4	1	4	23	70	5	1	全施設の最大耐久度が10増えます	1	12	10	10	3
104	古の図面 #5	0	0	0	9	0	2	3	15	3	1	4	91	103	1	1	750	2	4	23	66	4	1	4	23	70	5	1	全施設の最大耐久度が10増えます	1	12	10	10	3
105	古の図面 #6	0	0	0	9	0	2	3	15	6	1	4	91	104	1	1	750	2	4	23	66	4	1	4	23	70	6	1	全施設の最大耐久度が10増えます	1	12	10	10	3
106	古の図面 #7	0	0	0	9	0	2	3	15	9	1	4	91	105	1	1	750	2	4	23	66	4	1	4	23	70	7	1	全施設の最大耐久度が10増えます	1	12	10	10	3
107	古の図面 #8	0	0	0	9	0	2	3	15	12	1	4	91	106	1	1	750	2	4	23	66	4	1	4	23	70	8	1	全施設の最大耐久度が10増えます	1	12	10	10	3
108	古の図面 #9	0	0	0	9	0	2	3	15	15	1	4	91	107	1	1	750	2	4	23	67	3	1	4	23	70	9	1	全施設の最大耐久度が10増えます	1	12	10	10	3
109	古の図面 #10	0	0	0	9	0	2	3	15	18	1	4	91	108	1	1	750	2	4	23	67	3	1	4	23	70	10	1	全施設の最大耐久度が10増えます	1	12	10	10	3
110	古の図面 #11	0	0	0	9	0	2	3	15	21	1	4	91	109	1	1	750	2	4	23	67	3	1	4	23	70	11	1	全施設の最大耐久度が10増えます	1	12	10	10	3
111	古の図面 #12	0	0	0	9	0	2	3	15	24	1	4	91	110	1	1	750	2	4	23	67	3	1	4	23	70	12	1	全施設の最大耐久度が10増えます	1	12	10	10	3
112	古の図面 #13	0	0	0	9	0	2	3	15	27	1	4	91	111	1	1	750	2	4	23	67	3	1	4	23	70	13	1	全施設の最大耐久度が10増えます	1	12	10	10	3
113	古の図面 #14	0	0	0	9	0	2	3	15	30	1	4	91	112	1	1	750	2	4	23	67	3	1	4	23	70	14	1	全施設の最大耐久度が10増えます	1	12	10	10	3
114	古の図面 #15	0	0	0	9	0	2	3	15	33	1	4	91	113	1	1	750	2	4	23	68	2	1	4	23	70	14	1	全施設の最大耐久度が10増えます	1	12	10	10	3
115	古の図面 #16	0	0	0	9	0	2	3	15	36	1	4	91	114	1	1	750	2	4	23	68	2	1	4	23	70	15	1	全施設の最大耐久度が10増えます	1	12	10	10	3
116	古の図面 #17	0	0	0	9	0	2	3	15	39	1	4	91	115	1	1	750	2	4	23	68	2	1	4	23	70	16	1	全施設の最大耐久度が10増えます	1	12	10	10	3
117	古の図面 #18	0	0	0	9	0	2	3	15	42	1	4	91	116	1	1	750	2	4	23	68	2	1	4	23	70	17	1	全施設の最大耐久度が10増えます	1	12	10	10	3
118	古の図面 #19	0	0	0	9	0	2	3	15	45	1	4	91	117	1	1	750	2	4	23	68	2	1	4	23	70	18	1	全施設の最大耐久度が10増えます	1	12	10	10	3
119	古の図面 #20	0	0	0	9	0	2	3	15	48	1	4	91	118	1	1	750	2	4	23	69	1	1	4	23	70	19	1	全施設の最大耐久度が10増えます	1	12	10	10	3
120	古の図面 #21	0	0	0	9	0	2	3	15	51	1	4	91	119	1	1	750	2	4	23	69	1	1	4	23	70	20	1	全施設の最大耐久度が10増えます	1	12	10	10	3
121	古の図面 #22	0	0	0	9	0	2	3	15	54	1	4	91	120	1	1	750	2	4	23	69	1	1	4	23	70	21	1	全施設の最大耐久度が10増えます	1	12	10	10	3
122	古の図面 #23	0	0	0	9	0	2	3	15	57	1	4	91	121	1	1	750	2	4	23	69	1	1	4	23	70	22	1	全施設の最大耐久度が10増えます	1	12	10	10	3
123	先人の地図 #1	0	0	0	0	1	0	750	0	派遣時の費用が5％減ります	2	13	5	5	0
124	先人の地図 #2	0	0	0	0	1	0	750	0	派遣時の費用が5％減ります	2	13	5	5	0
125	先人の地図 #3	0	0	0	0	1	1	3	15	1	1	750	2	4	23	66	4	1	4	23	70	5	1	派遣時の費用が5％減ります	2	13	5	5	3
126	先人の地図 #4	0	0	0	0	1	2	3	15	20	1	4	91	125	1	1	750	2	4	23	67	3	1	4	23	70	11	1	派遣時の費用が5％減ります	2	13	5	5	3
127	先人の地図 #5	0	0	0	0	1	2	3	15	40	1	4	91	126	1	1	750	2	4	23	68	2	1	4	23	70	17	1	派遣時の費用が5％減ります	2	13	5	5	3
128	先人の地図 #6	0	0	0	0	1	2	3	15	70	1	4	91	127	1	1	750	2	4	23	69	1	1	4	23	70	26	1	派遣時の費用が5％減ります	2	13	5	5	3
129	秘密道具 #1	0	0	0	1	1	0	750	0	建築時の費用が5％減ります	2	14	5	5	0
130	秘密道具 #2	0	0	0	1	1	0	750	0	建築時の費用が5％減ります	2	14	5	5	0
131	秘密道具 #3	0	0	0	1	1	1	3	15	1	1	750	2	4	23	66	4	1	4	23	70	5	1	建築時の費用が5％減ります	2	14	5	5	3
132	秘密道具 #4	0	0	0	1	1	2	3	15	12	1	4	91	131	1	1	750	2	4	23	67	3	1	4	23	70	8	1	建築時の費用が5％減ります	2	14	5	5	3
133	秘密道具 #5	0	0	0	1	1	2	3	15	40	1	4	91	132	1	1	750	2	4	23	68	2	1	4	23	70	17	1	建築時の費用が5％減ります	2	14	5	5	3
134	秘密道具 #6	0	0	0	1	1	2	3	15	75	1	4	91	133	1	1	750	2	4	23	69	1	1	4	23	70	27	1	建築時の費用が5％減ります	2	14	5	5	3
135	王国業界誌 #1	0	0	0	2	1	0	750	0	研究やﾚﾍﾞﾙｱｯﾌﾟの時間が5％減ります	3	15	5	5	0
136	王国業界誌 #2	0	0	0	2	1	0	750	0	研究やﾚﾍﾞﾙｱｯﾌﾟの時間が5％減ります	3	15	5	5	0
137	王国業界誌 #3	0	0	0	2	1	1	3	15	1	1	750	2	4	23	66	4	1	4	23	70	5	1	研究やﾚﾍﾞﾙｱｯﾌﾟの時間が5％減ります	3	15	5	5	3
138	王国業界誌 #4	0	0	0	2	1	2	3	15	24	1	4	91	137	1	1	750	2	4	23	67	3	1	4	23	70	12	1	研究やﾚﾍﾞﾙｱｯﾌﾟの時間が5％減ります	3	15	5	5	3
139	王国業界誌 #5	0	0	0	2	1	2	3	15	56	1	4	91	138	1	1	750	2	4	23	68	2	1	4	23	70	21	1	研究やﾚﾍﾞﾙｱｯﾌﾟの時間が5％減ります	3	15	5	5	3
140	王国業界誌 #6	0	0	0	2	1	2	3	15	78	1	4	91	139	1	1	750	2	4	23	69	1	1	4	23	70	28	1	研究やﾚﾍﾞﾙｱｯﾌﾟの時間が5％減ります	3	15	5	5	3
141	ダイヤの書 #1	0	0	0	3	1	0	750	0	ダイヤ消費時の費用が2%減ります	2	16	2	2	0
142	ダイヤの書 #2	0	0	0	3	1	0	750	0	ダイヤ消費時の費用が2%減ります	2	16	2	2	0
143	ダイヤの書 #3	0	0	0	3	1	1	3	15	1	1	750	2	4	23	66	4	1	4	23	70	5	1	ダイヤ消費時の費用が2%減ります	2	16	2	2	3
144	ダイヤの書 #4	0	0	0	3	1	2	3	15	30	1	4	91	143	1	1	750	2	4	23	67	3	1	4	23	70	14	1	ダイヤ消費時の費用が2%減ります	2	16	2	2	3
145	ダイヤの書 #5	0	0	0	3	1	2	3	15	60	1	4	91	144	1	1	750	2	4	23	68	2	1	4	23	70	23	1	ダイヤ消費時の費用が2%減ります	2	16	2	2	3
146	覚醒の書 #1	0	0	0	4	1	0	750	0	全員の覚醒上限が5増えます	1	3	5	5	0
147	覚醒の書 #2	0	0	0	4	1	0	750	0	全員の覚醒上限が5増えます	1	3	5	5	0
148	覚醒の書 #3	0	0	0	4	1	1	3	15	1	1	750	2	4	23	66	4	1	4	23	70	5	1	全員の覚醒上限が5増えます	1	3	5	5	3
149	覚醒の書 #4	0	0	0	4	1	2	3	15	36	1	4	91	148	1	1	750	2	4	23	67	3	1	4	23	70	15	1	全員の覚醒上限が5増えます	1	3	5	5	3
150	覚醒の書 #5	0	0	0	4	1	2	3	15	62	1	4	91	149	1	1	750	2	4	23	68	2	1	4	23	70	23	1	全員の覚醒上限が5増えます	1	3	5	5	3
151	街づくり指南書 #1	0	0	0	0	0	0	750	0	街ランクの上限が5プラスされます	1	1	5	5	0
152	街づくり指南書 #2	0	0	0	0	0	0	750	0	街ランクの上限が5プラスされます	1	1	5	5	0
153	街づくり指南書 #3	0	0	0	0	0	0	750	0	街ランクの上限が5プラスされます	1	1	5	5	0
154	街づくり指南書 #4	0	0	0	0	0	0	750	0	街ランクの上限が5プラスされます	1	1	5	5	0
155	街づくり指南書 #5	0	0	0	0	0	0	750	0	街ランクの上限が5プラスされます	1	1	5	5	0
156	街づくり指南書 #6	0	0	0	0	0	0	750	0	街ランクの上限が5プラスされます	1	1	5	5	0
157	街づくり指南書 #7	0	0	0	0	0	0	750	0	街ランクの上限が5プラスされます	1	1	5	5	0
158	街づくり指南書 #8	0	0	0	0	0	1	3	15	15	1	750	2	4	23	66	4	1	4	23	70	9	1	街ランクの上限が5プラスされます	1	1	5	5	3
159	街づくり指南書 #9	0	0	0	0	0	2	3	15	25	1	4	91	158	1	1	750	2	4	23	66	4	1	4	23	70	12	1	街ランクの上限が5プラスされます	1	1	5	5	3
160	街づくり指南書 #10	0	0	0	0	0	2	3	15	35	1	4	91	159	1	1	750	2	4	23	66	4	1	4	23	70	15	1	街ランクの上限が5プラスされます	1	1	5	5	3
161	街づくり指南書 #11	0	0	0	0	0	2	3	15	45	1	4	91	160	1	1	750	2	4	23	67	3	1	4	23	70	18	1	街ランクの上限が5プラスされます	1	1	5	5	3
162	街づくり指南書 #12	0	0	0	0	0	2	3	15	55	1	4	91	161	1	1	750	2	4	23	67	3	1	4	23	70	21	1	街ランクの上限が5プラスされます	1	1	5	5	3
163	街づくり指南書 #13	0	0	0	0	0	2	3	15	65	1	4	91	162	1	1	750	2	4	23	68	2	1	4	23	70	24	1	街ランクの上限が5プラスされます	1	1	5	5	3
164	街づくり指南書 #14	0	0	0	0	0	2	3	15	75	1	4	91	163	1	1	750	2	4	23	69	1	1	4	23	70	27	1	街ランクの上限が5プラスされます	1	1	5	5	3
165	兵法書 #1	0	0	0	1	0	0	750	0	ボス戦とネット対戦の討伐人数UP	1	4	1	1	0
166	兵法書 #2	0	0	0	1	0	0	750	0	ボス戦とネット対戦の討伐人数UP	1	4	1	1	0
167	兵法書 #3	0	0	0	1	0	0	750	0	ボス戦とネット対戦の討伐人数UP	1	4	1	1	0
168	兵法書 #4	0	0	0	1	0	0	750	0	ボス戦とネット対戦の討伐人数UP	1	4	1	1	0
169	兵法書 #5	0	0	0	1	0	0	750	0	ボス戦とネット対戦の討伐人数UP	1	4	1	1	0
170	兵法書 #6	0	0	0	1	0	0	750	0	ボス戦とネット対戦の討伐人数UP	1	4	1	1	0
171	兵法書 #7	0	0	0	1	0	0	750	0	ボス戦とネット対戦の討伐人数UP	1	4	1	1	0
172	兵法書 #8	0	0	0	1	0	0	750	0	ボス戦とネット対戦の討伐人数UP	1	4	1	1	0
173	兵法書 #9	0	0	0	1	0	0	750	0	ボス戦とネット対戦の討伐人数UP	1	4	1	1	0
174	兵法書 #10	0	0	0	1	0	0	750	0	ボス戦とネット対戦の討伐人数UP	1	4	1	1	0
175	兵法書 #11	0	0	0	1	0	0	750	0	ボス戦とネット対戦の討伐人数UP	1	4	1	1	0
176	兵法書 #12	0	0	0	1	0	0	750	0	ボス戦とネット対戦の討伐人数UP	1	4	1	1	0
177	兵法書 #13	0	0	0	1	0	0	750	0	ボス戦とネット対戦の討伐人数UP	1	4	1	1	0
178	兵法書 #14	0	0	0	1	0	0	750	0	ボス戦とネット対戦の討伐人数UP	1	4	1	1	0
179	兵法書 #15	0	0	0	1	0	0	750	0	ボス戦とネット対戦の討伐人数UP	1	4	1	1	0
180	兵法書 #16	0	0	0	1	0	1	3	15	3	1	750	2	4	23	66	4	1	4	23	70	5	1	ボス戦とネット対戦の討伐人数UP	1	4	1	1	3
181	兵法書 #17	0	0	0	1	0	2	3	15	8	1	4	91	180	1	1	750	2	4	23	66	4	1	4	23	70	7	1	ボス戦とネット対戦の討伐人数UP	1	4	1	1	3
182	兵法書 #18	0	0	0	1	0	2	3	15	12	1	4	91	181	1	1	750	2	4	23	66	4	1	4	23	70	8	1	ボス戦とネット対戦の討伐人数UP	1	4	1	1	3
183	兵法書 #19	0	0	0	1	0	2	3	15	16	1	4	91	182	1	1	750	2	4	23	66	4	1	4	23	70	9	1	ボス戦とネット対戦の討伐人数UP	1	4	1	1	3
184	兵法書 #20	0	0	0	1	0	2	3	15	20	1	4	91	183	1	1	750	2	4	23	67	3	1	4	23	70	11	1	ボス戦とネット対戦の討伐人数UP	1	4	1	1	3
185	兵法書 #21	0	0	0	1	0	2	3	15	24	1	4	91	184	1	1	750	2	4	23	67	3	1	4	23	70	12	1	ボス戦とネット対戦の討伐人数UP	1	4	1	1	3
186	兵法書 #22	0	0	0	1	0	2	3	15	28	1	4	91	185	1	1	750	2	4	23	67	3	1	4	23	70	13	1	ボス戦とネット対戦の討伐人数UP	1	4	1	1	3
187	兵法書 #23	0	0	0	1	0	2	3	15	32	1	4	91	186	1	1	750	2	4	23	67	3	1	4	23	70	14	1	ボス戦とネット対戦の討伐人数UP	1	4	1	1	3
188	兵法書 #24	0	0	0	1	0	2	3	15	36	1	4	91	187	1	1	750	2	4	23	68	2	1	4	23	70	15	1	ボス戦とネット対戦の討伐人数UP	1	4	1	1	3
189	兵法書 #25	0	0	0	1	0	2	3	15	40	1	4	91	188	1	1	750	2	4	23	68	2	1	4	23	70	17	1	ボス戦とネット対戦の討伐人数UP	1	4	1	1	3
190	兵法書 #26	0	0	0	1	0	2	3	15	60	1	4	91	189	1	1	750	2	4	23	68	2	1	4	23	70	23	1	ボス戦とネット対戦の討伐人数UP	1	4	1	1	3
191	兵法書 #27	0	0	0	1	0	2	3	15	75	1	4	91	190	1	1	750	2	4	23	69	1	1	4	23	70	27	1	ボス戦とネット対戦の討伐人数UP	1	4	1	1	3
192	兵法書 #28	0	0	0	1	0	2	3	15	80	1	4	91	191	1	1	750	2	4	23	69	1	1	4	23	70	29	1	ボス戦とネット対戦の討伐人数UP	1	4	1	1	3
193	幻の探検地図 #1	0	0	0	2	0	0	750	0	洞窟の討伐人数UP	1	5	1	1	0
194	幻の探検地図 #2	0	0	0	2	0	0	750	0	洞窟の討伐人数UP	1	5	1	1	0
195	幻の探検地図 #3	0	0	0	2	0	0	750	0	洞窟の討伐人数UP	1	5	1	1	0
196	幻の探検地図 #4	0	0	0	2	0	0	750	0	洞窟の討伐人数UP	1	5	1	1	0
197	幻の探検地図 #5	0	0	0	2	0	0	750	0	洞窟の討伐人数UP	1	5	1	1	0
198	幻の探検地図 #6	0	0	0	2	0	0	750	0	洞窟の討伐人数UP	1	5	1	1	0
199	幻の探検地図 #7	0	0	0	2	0	0	750	0	洞窟の討伐人数UP	1	5	1	1	0
200	幻の探検地図 #8	0	0	0	2	0	1	3	15	1	1	750	2	4	23	66	4	1	4	23	70	5	1	洞窟の討伐人数UP	1	5	1	1	3
201	幻の探検地図 #9	0	0	0	2	0	2	3	15	7	1	4	91	200	1	1	750	2	4	23	66	4	1	4	23	70	7	1	洞窟の討伐人数UP	1	5	1	1	3
202	幻の探検地図 #10	0	0	0	2	0	2	3	15	12	1	4	91	201	1	1	750	2	4	23	66	4	1	4	23	70	8	1	洞窟の討伐人数UP	1	5	1	1	3
203	幻の探検地図 #11	0	0	0	2	0	2	3	15	17	1	4	91	202	1	1	750	2	4	23	66	4	1	4	23	70	10	1	洞窟の討伐人数UP	1	5	1	1	3
204	幻の探検地図 #12	0	0	0	2	0	2	3	15	22	1	4	91	203	1	1	750	2	4	23	67	3	1	4	23	70	11	1	洞窟の討伐人数UP	1	5	1	1	3
205	幻の探検地図 #13	0	0	0	2	0	2	3	15	27	1	4	91	204	1	1	750	2	4	23	67	3	1	4	23	70	13	1	洞窟の討伐人数UP	1	5	1	1	3
206	幻の探検地図 #14	0	0	0	2	0	2	3	15	32	1	4	91	205	1	1	750	2	4	23	67	3	1	4	23	70	14	1	洞窟の討伐人数UP	1	5	1	1	3
207	幻の探検地図 #15	0	0	0	2	0	2	3	15	37	1	4	91	206	1	1	750	2	4	23	68	2	1	4	23	70	16	1	洞窟の討伐人数UP	1	5	1	1	3
208	幻の探検地図 #16	0	0	0	2	0	2	3	15	42	1	4	91	207	1	1	750	2	4	23	68	2	1	4	23	70	17	1	洞窟の討伐人数UP	1	5	1	1	3
209	幻の探検地図 #17	0	0	0	2	0	2	3	15	50	1	4	91	208	1	1	750	2	4	23	69	1	1	4	23	70	20	1	洞窟の討伐人数UP	1	5	1	1	3
210	幻の探検地図 #18	0	0	0	2	0	2	3	15	60	1	4	91	209	1	1	750	2	4	23	69	1	1	4	23	70	23	1	洞窟の討伐人数UP	1	5	1	1	3
211	金槌の極意 #1	0	0	0	3	0	0	750	0	同時に工事できる数がUP	1	6	1	1	0
212	金槌の極意 #2	0	0	0	3	0	0	750	0	同時に工事できる数がUP	1	6	1	1	0
213	金槌の極意 #3	0	0	0	3	0	0	750	0	同時に工事できる数がUP	1	6	1	1	0
214	金槌の極意 #4	0	0	0	3	0	0	750	0	同時に工事できる数がUP	1	6	1	1	0
215	金槌の極意 #5	0	0	0	3	0	0	750	0	同時に工事できる数がUP	1	6	1	1	0
216	金槌の極意 #6	0	0	0	3	0	0	750	0	同時に工事できる数がUP	1	6	1	1	0
217	金槌の極意 #7	0	0	0	3	0	0	750	0	同時に工事できる数がUP	1	6	1	1	0
218	金槌の極意 #8	0	0	0	3	0	0	750	0	同時に工事できる数がUP	1	6	1	1	0
219	金槌の極意 #9	0	0	0	3	0	1	3	15	5	1	750	2	4	23	66	4	1	4	23	70	6	1	同時に工事できる数がUP	1	6	1	1	3
220	金槌の極意 #10	0	0	0	3	0	2	3	15	8	1	4	91	219	1	1	750	2	4	23	66	4	1	4	23	70	7	1	同時に工事できる数がUP	1	6	1	1	3
221	金槌の極意 #11	0	0	0	3	0	2	3	15	12	1	4	91	220	1	1	750	2	4	23	67	3	1	4	23	70	8	1	同時に工事できる数がUP	1	6	1	1	3
222	金槌の極意 #12	0	0	0	3	0	2	3	15	16	1	4	91	221	1	1	750	2	4	23	67	3	1	4	23	70	9	1	同時に工事できる数がUP	1	6	1	1	3
223	金槌の極意 #13	0	0	0	3	0	2	3	15	20	1	4	91	222	1	1	750	2	4	23	68	2	1	4	23	70	11	1	同時に工事できる数がUP	1	6	1	1	3
224	金槌の極意 #14	0	0	0	3	0	2	3	15	24	1	4	91	223	1	1	750	2	4	23	68	2	1	4	23	70	12	1	同時に工事できる数がUP	1	6	1	1	3
225	金槌の極意 #15	0	0	0	3	0	2	3	15	28	1	4	91	224	1	1	750	2	4	23	69	1	1	4	23	70	13	1	同時に工事できる数がUP	1	6	1	1	3
226	金槌の極意 #16	0	0	0	3	0	2	3	15	32	1	4	91	225	1	1	750	2	4	23	69	1	1	4	23	70	14	1	同時に工事できる数がUP	1	6	1	1	3
227	覚醒の書 #6	0	0	0	4	1	2	3	15	999	1	3	100	1	1	750	2	4	23	66	4	1	4	23	70	30	1	全員の覚醒上限が1増えます	1	3	1