512
0,506
1,506
2,506
3,506
4,506
5,506
6,506
7,506
8,506
9,506
10,506
11,506
12,506
13,506
14,506
15,506
16,506
17,506
18,506
19,506
20,506
21,506
22,506
23,506
24,506
25,506
26,506
27,506
28,506
29,506
30,506
31,506
32,506
33,506
34,506
35,506
36,506
37,506
38,506
39,506
40,506
41,506
42,506
43,506
44,506
45,506
46,506
47,506
48,506
49,506
50,506
51,506
52,506
53,506
54,506
55,506
56,506
57,506
58,506
59,506
60,506
61,506
62,506
63,506
64,506
65,506
66,506
67,506
68,506
69,506
70,506
71,506
72,506
73,506
74,506
75,506
76,506
77,506
78,506
79,506
80,506
81,506
82,506
83,506
84,506
85,506
86,506
87,506
88,506
89,506
90,506
91,506
92,506
93,506
94,506
95,506
96,506
97,506
98,506
99,506
100,506
101,506
102,506
103,506
104,506
105,506
106,506
107,506
108,506
109,506
110,506
111,506
112,506
113,506
114,506
115,506
116,506
117,506
118,506
119,506
120,506
121,506
122,506
123,506
124,506
125,506
126,506
127,506
128,506
129,506
130,506
131,506
132,506
133,506
134,506
135,506
136,506
137,506
138,506
139,506
140,506
141,506
142,506
143,506
144,506
145,506
146,506
147,506
148,506
149,506
150,506
151,506
152,506
153,506
154,506
155,506
156,506
157,506
158,506
159,506
160,506
161,506
162,506
163,506
164,506
165,506
166,506
167,506
168,506
169,506
170,506
171,506
172,506
173,506
174,506
175,506
176,506
177,506
178,506
179,506
180,506
181,506
182,506
183,506
184,506
185,506
186,506
187,506
188,506
189,506
190,506
191,506
192,506
193,506
194,506
195,506
196,506
197,506
198,506
199,506
200,506
201,506
202,506
203,506
204,506
205,506
206,506
207,506
208,506
209,506
210,506
211,506
212,506
213,506
214,506
215,506
216,506
217,506
218,506
219,506
220,506
221,506
222,506
223,506
224,506
225,506
226,506
227,506
228,506
229,506
230,506
231,506
232,506
233,506
234,506
235,506
236,506
237,506
238,506
239,506
240,506
241,506
242,506
243,506
244,506
245,506
246,506
247,506
248,506
249,506
250,506
251,506
252,506
253,506
254,506
255,506
256,506
257,506
258,506
259,506
260,506
261,506
262,506
263,506
264,506
265,506
266,506
267,506
268,506
269,506
270,506
271,506
272,506
273,506
274,506
275,506
276,506
277,506
278,506
279,506
280,506
281,506
282,506
283,506
284,506
285,506
286,506
287,506
288,506
289,506
290,506
291,506
292,506
293,506
294,506
295,506
296,506
297,506
298,506
299,506
300,506
301,506
302,506
303,506
304,506
305,506
306,506
307,506
308,506
309,506
310,506
311,506
312,506
313,506
314,506
315,506
316,506
317,506
318,506
319,506
320,506
321,506
322,506
323,506
324,506
325,506
326,506
327,506
328,506
329,506
330,506
331,506
332,506
333,506
334,506
335,506
336,506
337,506
338,506
339,506
340,506
341,506
342,506
343,506
344,506
345,506
346,506
347,506
348,506
349,506
350,506
351,506
352,506
353,506
354,506
355,506
356,506
357,506
358,506
359,506
360,506
361,506
362,506
363,506
364,506
365,506
366,506
367,506
368,506
369,506
370,506
371,506
372,506
373,506
374,506
375,506
376,506
377,506
378,506
379,506
380,506
381,506
382,506
383,506
384,506
385,506
386,506
387,506
388,506
389,506
390,506
391,506
392,506
393,506
394,506
395,506
396,506
397,506
398,506
399,506
400,506
401,506
402,506
403,506
404,506
405,506
406,506
407,506
408,506
409,506
410,506
411,506
412,506
413,506
414,506
415,506
416,506
417,506
418,506
419,506
420,506
421,506
422,506
423,506
424,506
425,506
426,506
427,506
428,506
429,506
430,506
431,506
432,506
433,506
434,506
435,506
436,506
437,506
438,506
439,506
440,506
441,506
442,506
443,506
444,506
445,506
446,506
447,506
448,506
449,506
450,506
451,506
452,506
453,506
454,506
455,506
456,506
457,506
458,506
459,506
460,506
461,506
462,506
463,506
464,506
465,506
466,506
467,506
468,506
469,506
470,506
471,506
472,506
473,506
474,506
475,506
476,506
477,506
478,506
479,506
480,506
481,506
482,506
483,506
484,506
485,506
486,506
487,506
488,506
489,506
490,506
491,506
492,506
493,506
494,506
495,506
496,506
497,506
498,506
499,506
500,506
501,506
502,506
503,506
504,506
505,506
506,506
507,506
508,506
509,506
510,506
511,506
181
friend_mark.png,0,0,16,20
shadow.png,17,0,39,3
eye_00.png,57,0,24,8
body_ex_01.png,82,0,30,48
body_ex_00.png,113,0,46,21
body_ex_04.png,160,0,19,8
m_shoes_01.png,180,0,22,32
m_shoes_02.png,203,0,22,32
m_shoes_00.png,226,0,75,8
num_green_s_00.png,302,0,70,10
m_hand_27.png,373,0,50,40
m_hand_15.png,424,0,50,37
w_hand_15.png,226,9,50,37
w_hand_17.png,302,11,50,37
w_hand_24.png,0,21,50,37
w_hand_26.png,113,22,50,37
w_hand_27.png,424,38,50,37
m_hand_23.png,373,41,49,37
w_hand_23.png,226,47,49,37
m_hand_24.png,302,49,50,36
m_hand_26.png,0,59,50,36
m_hand_00.png,113,60,50,35
m_hand_17.png,424,76,50,35
w_hand_22.png,373,79,50,35
m_hand_22.png,226,85,50,34
w_hand_00.png,302,86,50,28
w_hand_01.png,0,96,50,28
w_hand_02.png,113,96,50,28
w_hand_03.png,424,112,50,28
w_hand_04.png,302,115,50,28
w_hand_05.png,373,115,50,28
w_hand_06.png,226,120,50,28
w_hand_07.png,0,125,50,28
w_hand_08.png,113,125,50,28
w_hand_09.png,424,141,50,28
w_hand_10.png,302,144,50,28
w_hand_11.png,373,144,50,28
w_hand_12.png,226,149,50,28
w_hand_13.png,0,154,50,28
w_hand_14.png,113,154,50,28
w_hand_16.png,424,170,50,28
w_hand_18.png,302,173,50,28
w_hand_19.png,373,173,50,28
w_hand_20.png,226,178,50,28
w_hand_21.png,0,183,50,28
m_hand_25.png,113,183,50,28
w_hand_25.png,424,199,50,28
m_hand_03.png,302,202,50,27
m_hand_09.png,373,202,50,27
m_hand_16.png,226,207,50,27
m_hand_01.png,0,212,50,26
m_hand_02.png,113,212,50,26
m_hand_04.png,424,228,50,26
m_hand_05.png,302,230,50,26
m_hand_06.png,373,230,50,26
m_hand_07.png,226,235,50,26
m_hand_08.png,0,239,50,26
m_hand_10.png,113,239,50,26
m_hand_11.png,424,255,50,26
m_hand_12.png,302,257,50,26
m_hand_13.png,373,257,50,26
m_hand_14.png,226,262,50,26
m_hand_18.png,0,266,50,26
m_hand_19.png,113,266,50,26
m_hand_20.png,424,282,50,26
m_hand_21.png,302,284,50,26
tourist_hand_00.png,373,284,50,18
tourist_body_00.png,226,289,51,34
m_body_06.png,0,293,48,9
m_body_00.png,180,33,40,8
w_body_00.png,180,42,40,8
m_body_01.png,180,51,40,8
w_body_01.png,180,60,40,8
m_body_02.png,180,69,40,8
w_body_02.png,180,78,40,8
m_body_03.png,180,87,40,8
w_body_03.png,180,96,40,8
m_body_04.png,180,105,40,8
w_body_04.png,180,114,40,8
m_body_05.png,180,123,40,8
w_body_05.png,180,132,40,8
w_body_06.png,180,141,40,8
m_body_07.png,180,150,40,8
w_body_07.png,180,159,40,8
m_body_08.png,180,168,40,8
w_body_08.png,180,177,40,8
m_body_09.png,180,186,40,8
w_body_09.png,180,195,40,8
m_body_10.png,180,204,40,8
w_body_10.png,180,213,40,8
m_body_11.png,180,222,40,8
w_body_11.png,180,231,40,8
m_body_12.png,180,240,40,8
w_body_12.png,180,249,40,8
m_body_13.png,180,258,40,8
w_body_13.png,180,267,40,8
m_body_14.png,180,276,40,8
w_body_14.png,180,285,40,8
m_body_15.png,49,293,40,8
w_body_15.png,113,293,40,8
m_body_16.png,180,294,40,8
w_body_16.png,49,302,40,8
m_body_17.png,0,303,40,8
w_body_17.png,113,302,40,8
m_body_18.png,180,303,40,8
w_body_18.png,373,303,40,8
m_body_19.png,49,311,40,8
w_body_19.png,0,312,40,8
m_body_20.png,113,311,40,8
w_body_20.png,424,309,40,8
m_body_21.png,465,309,40,8
w_body_21.png,180,312,40,8
m_body_22.png,302,311,40,8
w_body_22.png,373,312,40,8
m_body_23.png,49,320,40,8
w_body_23.png,0,321,40,8
m_body_24.png,113,320,40,8
w_body_24.png,424,318,40,8
m_body_25.png,465,318,40,8
w_body_25.png,180,321,40,8
m_body_26.png,302,320,40,8
w_body_26.png,373,321,40,8
m_body_27.png,226,324,40,8
w_body_27.png,49,329,40,8
w_foot_00.png,113,329,50,27
w_foot_01.png,424,327,49,27
m_foot_25.png,302,329,49,27
w_foot_25.png,373,330,49,27
m_foot_00.png,0,330,48,27
m_foot_01.png,226,333,48,27
m_foot_02.png,49,338,48,27
w_foot_02.png,0,358,48,27
m_foot_03.png,113,357,48,27
w_foot_03.png,162,357,48,27
m_foot_04.png,424,355,48,27
w_foot_04.png,302,357,48,27
m_foot_05.png,373,358,48,27
w_foot_05.png,226,361,48,27
m_foot_06.png,49,366,48,27
w_foot_06.png,0,386,48,27
m_foot_07.png,113,385,48,27
w_foot_07.png,162,385,48,27
m_foot_08.png,424,383,48,27
w_foot_08.png,302,385,48,27
m_foot_09.png,373,386,48,27
w_foot_09.png,226,389,48,27
m_foot_10.png,49,394,48,27
w_foot_10.png,0,414,48,27
m_foot_11.png,113,413,48,27
w_foot_11.png,162,413,48,27
m_foot_12.png,424,411,48,27
w_foot_12.png,302,413,48,27
m_foot_13.png,373,414,48,27
w_foot_13.png,226,417,48,27
m_foot_14.png,49,422,48,27
w_foot_14.png,0,442,48,27
m_foot_15.png,113,441,48,27
w_foot_15.png,162,441,48,27
m_foot_17.png,424,439,48,27
w_foot_17.png,302,441,48,27
m_foot_18.png,373,442,48,27
w_foot_18.png,226,445,48,27
m_foot_19.png,49,450,48,27
w_foot_19.png,0,470,48,27
m_foot_20.png,113,469,48,27
w_foot_20.png,162,469,48,27
m_foot_21.png,424,467,48,27
w_foot_21.png,302,469,48,27
w_foot_22.png,373,470,48,27
m_foot_23.png,226,473,48,27
w_foot_23.png,49,478,48,27
m_foot_24.png,-1,-1,48,27
w_foot_24.png,-1,-1,48,27
m_foot_26.png,-1,-1,48,27
w_foot_26.png,-1,-1,48,27
m_foot_27.png,-1,-1,48,27
w_foot_27.png,-1,-1,48,27
tourist_foot_00.png,-1,-1,46,27
m_foot_22.png,-1,-1,48,26
m_foot_16.png,-1,-1,50,24
w_foot_16.png,-1,-1,5